threshold	alignment_size	SNPs
90	10000	4651750
90	9750	4651722
90	9500	4651761
90	9250	4651712
90	9000	4651684
90	8750	4651731
90	8500	4651779
90	8250	4651738
90	8000	4651742
90	7750	4651714
90	7500	4651773
90	7250	4651755
90	7000	4651687
90	6750	4651605
90	6500	4651671
90	6250	4651757
90	6000	4651823
90	5750	4651824
90	5500	4651944
90	5250	4651934
90	5000	4651860
90	4750	4651927
90	4500	4651896
90	4250	4652028
90	4000	4652035
90	3750	4652097
90	3500	4652225
90	3250	4652130
90	3000	4652126
90	2750	4652111
90	2500	4652093
90	2250	4652044
90	2000	4651975
90	1750	4651737
90	1500	4651849
90	1250	4652039
90	1000	4652173
90	750	4652053
90	500	4652610
90	250	4653564
90	100	4653569
90	75	4652212
90	50	4653336
90	25	4643965
90	10000	4651741
90	9750	4651748
90	9500	4651696
90	9250	4651658
90	9000	4651763
90	8750	4651766
90	8500	4651754
90	8250	4651719
90	8000	4651751
90	7750	4651749
90	7500	4651737
90	7250	4651720
90	7000	4651692
90	6750	4651697
90	6500	4651673
90	6250	4651708
90	6000	4651749
90	5750	4651681
90	5500	4651651
90	5250	4651733
90	5000	4651735
90	4750	4651799
90	4500	4651800
90	4250	4651710
90	4000	4651628
90	3750	4651538
90	3500	4651542
90	3250	4651546
90	3000	4651341
90	2750	4651377
90	2500	4651424
90	2250	4651430
90	2000	4651837
90	1750	4651690
90	1500	4651506
90	1250	4651882
90	1000	4652061
90	750	4652033
90	500	4651513
90	250	4652237
90	100	4650462
90	75	4649284
90	50	4650379
90	25	4634521
90	10000	4651759
90	9750	4651807
90	9500	4651837
90	9250	4651867
90	9000	4651861
90	8750	4651850
90	8500	4651824
90	8250	4651738
90	8000	4651748
90	7750	4651716
90	7500	4651765
90	7250	4651796
90	7000	4651811
90	6750	4651817
90	6500	4651827
90	6250	4651843
90	6000	4651783
90	5750	4651796
90	5500	4651792
90	5250	4651774
90	5000	4651635
90	4750	4651623
90	4500	4651644
90	4250	4651579
90	4000	4651589
90	3750	4651618
90	3500	4651611
90	3250	4651432
90	3000	4651337
90	2750	4651558
90	2500	4651613
90	2250	4651754
90	2000	4651708
90	1750	4651609
90	1500	4651784
90	1250	4651716
90	1000	4651091
90	750	4650802
90	500	4650861
90	250	4650970
90	100	4650368
90	75	4648113
90	50	4652123
90	25	4640928
90	10000	4651788
90	9750	4651808
90	9500	4651863
90	9250	4651871
90	9000	4651833
90	8750	4651855
90	8500	4651807
90	8250	4651884
90	8000	4651889
90	7750	4651909
90	7500	4651938
90	7250	4651923
90	7000	4651860
90	6750	4651899
90	6500	4651883
90	6250	4651926
90	6000	4651943
90	5750	4651932
90	5500	4651936
90	5250	4651988
90	5000	4652041
90	4750	4652148
90	4500	4652031
90	4250	4652025
90	4000	4652065
90	3750	4652181
90	3500	4652036
90	3250	4652052
90	3000	4652164
90	2750	4651940
90	2500	4651553
90	2250	4651689
90	2000	4651720
90	1750	4651955
90	1500	4652174
90	1250	4652329
90	1000	4652332
90	750	4651729
90	500	4651201
90	250	4652239
90	100	4651350
90	75	4650965
90	50	4652938
90	25	4650343
90	10000	4651698
90	9750	4651720
90	9500	4651700
90	9250	4651761
90	9000	4651768
90	8750	4651741
90	8500	4651759
90	8250	4651812
90	8000	4651759
90	7750	4651815
90	7500	4651779
90	7250	4651814
90	7000	4651748
90	6750	4651748
90	6500	4651782
90	6250	4651754
90	6000	4651794
90	5750	4651917
90	5500	4651827
90	5250	4651906
90	5000	4651816
90	4750	4651746
90	4500	4651716
90	4250	4651703
90	4000	4651877
90	3750	4651882
90	3500	4651829
90	3250	4651884
90	3000	4651823
90	2750	4651844
90	2500	4651823
90	2250	4651581
90	2000	4651681
90	1750	4651576
90	1500	4651610
90	1250	4651097
90	1000	4650658
90	750	4651463
90	500	4651683
90	250	4649693
90	100	4646062
90	75	4644694
90	50	4649161
90	25	4639587
90	10000	4651702
90	9750	4651706
90	9500	4651728
90	9250	4651749
90	9000	4651741
90	8750	4651780
90	8500	4651801
90	8250	4651789
90	8000	4651816
90	7750	4651829
90	7500	4651840
90	7250	4651846
90	7000	4651771
90	6750	4651803
90	6500	4651809
90	6250	4651853
90	6000	4651875
90	5750	4651904
90	5500	4651859
90	5250	4651939
90	5000	4651891
90	4750	4651909
90	4500	4652011
90	4250	4652027
90	4000	4652071
90	3750	4652008
90	3500	4652034
90	3250	4652177
90	3000	4652055
90	2750	4652169
90	2500	4652073
90	2250	4652125
90	2000	4652245
90	1750	4651991
90	1500	4651775
90	1250	4651783
90	1000	4652097
90	750	4652127
90	500	4653068
90	250	4652307
90	100	4652584
90	75	4652253
90	50	4652282
90	25	4644079
90	10000	4651736
90	9750	4651707
90	9500	4651692
90	9250	4651748
90	9000	4651746
90	8750	4651718
90	8500	4651723
90	8250	4651779
90	8000	4651834
90	7750	4651753
90	7500	4651798
90	7250	4651806
90	7000	4651902
90	6750	4651888
90	6500	4651885
90	6250	4651866
90	6000	4651889
90	5750	4652029
90	5500	4652058
90	5250	4652076
90	5000	4652082
90	4750	4652056
90	4500	4651969
90	4250	4652050
90	4000	4652012
90	3750	4651817
90	3500	4651944
90	3250	4651738
90	3000	4651525
90	2750	4651588
90	2500	4651418
90	2250	4651309
90	2000	4651147
90	1750	4651088
90	1500	4650748
90	1250	4650703
90	1000	4650502
90	750	4649869
90	500	4649616
90	250	4647264
90	100	4647738
90	75	4645116
90	50	4649475
90	25	4646671
90	10000	4651707
90	9750	4651715
90	9500	4651720
90	9250	4651743
90	9000	4651740
90	8750	4651784
90	8500	4651819
90	8250	4651871
90	8000	4651779
90	7750	4651783
90	7500	4651756
90	7250	4651691
90	7000	4651676
90	6750	4651662
90	6500	4651665
90	6250	4651645
90	6000	4651636
90	5750	4651708
90	5500	4651786
90	5250	4651823
90	5000	4651719
90	4750	4651588
90	4500	4651628
90	4250	4651763
90	4000	4651764
90	3750	4651726
90	3500	4651721
90	3250	4651787
90	3000	4651774
90	2750	4651825
90	2500	4651916
90	2250	4652189
90	2000	4652232
90	1750	4651923
90	1500	4651918
90	1250	4651876
90	1000	4652024
90	750	4651789
90	500	4652478
90	250	4650736
90	100	4651963
90	75	4651214
90	50	4652663
90	25	4652916
90	10000	4651758
90	9750	4651741
90	9500	4651837
90	9250	4651852
90	9000	4651832
90	8750	4651831
90	8500	4651863
90	8250	4651873
90	8000	4651855
90	7750	4651815
90	7500	4651938
90	7250	4651951
90	7000	4651888
90	6750	4651825
90	6500	4651798
90	6250	4651744
90	6000	4651786
90	5750	4651837
90	5500	4651756
90	5250	4651730
90	5000	4651687
90	4750	4651663
90	4500	4651728
90	4250	4651751
90	4000	4651999
90	3750	4652087
90	3500	4652079
90	3250	4652089
90	3000	4652041
90	2750	4652132
90	2500	4652263
90	2250	4652220
90	2000	4651996
90	1750	4652350
90	1500	4652012
90	1250	4651906
90	1000	4651394
90	750	4651133
90	500	4650767
90	250	4650566
90	100	4651959
90	75	4651246
90	50	4649854
90	25	4645845
90	10000	4651764
90	9750	4651767
90	9500	4651767
90	9250	4651776
90	9000	4651841
90	8750	4651850
90	8500	4651851
90	8250	4651896
90	8000	4651864
90	7750	4651890
90	7500	4651882
90	7250	4651819
90	7000	4651907
90	6750	4651879
90	6500	4651969
90	6250	4651926
90	6000	4651959
90	5750	4651991
90	5500	4651914
90	5250	4651941
90	5000	4651833
90	4750	4651887
90	4500	4651936
90	4250	4651738
90	4000	4651657
90	3750	4651665
90	3500	4651705
90	3250	4651651
90	3000	4651476
90	2750	4651718
90	2500	4651739
90	2250	4651402
90	2000	4651448
90	1750	4651252
90	1500	4651037
90	1250	4650752
90	1000	4650898
90	750	4650946
90	500	4650799
90	250	4651582
90	100	4652829
90	75	4652355
90	50	4652958
90	25	4650596
100	10000	627378
100	9750	641857
100	9500	658308
100	9250	678020
100	9000	705971
100	8750	735412
100	8500	762271
100	8250	788887
100	8000	846085
100	7750	880863
100	7500	909234
100	7250	939817
100	7000	988616
100	6750	1023696
100	6500	1049765
100	6250	1125005
100	6000	1162758
100	5750	1194077
100	5500	1231493
100	5250	1258194
100	5000	1286723
100	4750	1314769
100	4500	1366718
100	4250	1458910
100	4000	1513319
100	3750	1557714
100	3500	1638985
100	3250	1718904
100	3000	1805200
100	2750	1892080
100	2500	1945090
100	2250	2045124
100	2000	2129241
100	1750	2369970
100	1500	2472608
100	1250	2580850
100	1000	2764033
100	750	2923459
100	500	3431067
100	250	3968913
100	100	4129861
100	75	4144459
100	50	4279572
100	25	4357252
100	10000	621802
100	9750	645619
100	9500	661101
100	9250	676105
100	9000	697515
100	8750	725084
100	8500	759996
100	8250	782152
100	8000	832594
100	7750	869573
100	7500	886701
100	7250	917862
100	7000	934210
100	6750	950263
100	6500	981582
100	6250	1023669
100	6000	1074438
100	5750	1126132
100	5500	1214999
100	5250	1280383
100	5000	1310492
100	4750	1373692
100	4500	1441584
100	4250	1485814
100	4000	1553485
100	3750	1630623
100	3500	1741932
100	3250	1846204
100	3000	1986096
100	2750	2159696
100	2500	2246871
100	2250	2343698
100	2000	2447922
100	1750	2555139
100	1500	2674505
100	1250	2868373
100	1000	3035877
100	750	3237520
100	500	3429841
100	250	3694624
100	100	4117149
100	75	4145685
100	50	4174752
100	25	4236327
100	10000	646045
100	9750	662625
100	9500	675568
100	9250	699369
100	9000	714152
100	8750	732684
100	8500	756051
100	8250	767248
100	8000	789252
100	7750	807122
100	7500	831236
100	7250	854889
100	7000	886432
100	6750	904256
100	6500	919821
100	6250	957376
100	6000	981282
100	5750	1013206
100	5500	1055897
100	5250	1091973
100	5000	1122507
100	4750	1179866
100	4500	1224575
100	4250	1266620
100	4000	1310715
100	3750	1348534
100	3500	1391011
100	3250	1416213
100	3000	1478696
100	2750	1546093
100	2500	1768447
100	2250	1896789
100	2000	2003141
100	1750	2141012
100	1500	2333651
100	1250	2535530
100	1000	2787653
100	750	2917386
100	500	3179628
100	250	3432888
100	100	3945438
100	75	3980417
100	50	4204972
100	25	4365025
100	10000	619746
100	9750	632608
100	9500	654450
100	9250	668792
100	9000	701133
100	8750	725857
100	8500	752878
100	8250	790143
100	8000	812365
100	7750	847764
100	7500	896292
100	7250	931455
100	7000	958234
100	6750	991619
100	6500	1019552
100	6250	1053340
100	6000	1124310
100	5750	1180013
100	5500	1232543
100	5250	1258500
100	5000	1327235
100	4750	1369358
100	4500	1418060
100	4250	1460689
100	4000	1543150
100	3750	1625785
100	3500	1688465
100	3250	1776267
100	3000	1861593
100	2750	1930433
100	2500	2018256
100	2250	2111910
100	2000	2211066
100	1750	2344173
100	1500	2501077
100	1250	2655945
100	1000	2914922
100	750	3111974
100	500	3385862
100	250	4018467
100	100	4276115
100	75	4297123
100	50	4366125
100	25	4419793
100	10000	633534
100	9750	646883
100	9500	675519
100	9250	689745
100	9000	708545
100	8750	728269
100	8500	753798
100	8250	775285
100	8000	798749
100	7750	818627
100	7500	867199
100	7250	891052
100	7000	925475
100	6750	958335
100	6500	996788
100	6250	1014480
100	6000	1055119
100	5750	1122932
100	5500	1157496
100	5250	1234099
100	5000	1261502
100	4750	1307137
100	4500	1344845
100	4250	1377500
100	4000	1454887
100	3750	1541909
100	3500	1668917
100	3250	1747456
100	3000	1809219
100	2750	1945040
100	2500	2037318
100	2250	2114811
100	2000	2206237
100	1750	2406246
100	1500	2576620
100	1250	2655691
100	1000	2773182
100	750	3079232
100	500	3337183
100	250	3605253
100	100	3863592
100	75	3947789
100	50	4305856
100	25	4352179
100	10000	644499
100	9750	675092
100	9500	691672
100	9250	715647
100	9000	723133
100	8750	740106
100	8500	769663
100	8250	794917
100	8000	826699
100	7750	850461
100	7500	892787
100	7250	928376
100	7000	953334
100	6750	999902
100	6500	1052001
100	6250	1091127
100	6000	1168605
100	5750	1210901
100	5500	1256648
100	5250	1346728
100	5000	1379403
100	4750	1410569
100	4500	1520857
100	4250	1575254
100	4000	1616138
100	3750	1686878
100	3500	1742598
100	3250	1793032
100	3000	1918148
100	2750	2024343
100	2500	2183694
100	2250	2278150
100	2000	2373773
100	1750	2615571
100	1500	2681198
100	1250	2966678
100	1000	3180464
100	750	3331400
100	500	3630531
100	250	3792511
100	100	3971996
100	75	4004887
100	50	4019063
100	25	4047683
100	10000	633627
100	9750	655843
100	9500	670975
100	9250	694812
100	9000	708140
100	8750	722886
100	8500	743010
100	8250	789042
100	8000	817225
100	7750	836406
100	7500	857189
100	7250	882860
100	7000	930673
100	6750	964485
100	6500	1010819
100	6250	1056431
100	6000	1083323
100	5750	1133501
100	5500	1183072
100	5250	1274887
100	5000	1312803
100	4750	1363512
100	4500	1395435
100	4250	1431354
100	4000	1456933
100	3750	1490264
100	3500	1562729
100	3250	1615828
100	3000	1728119
100	2750	1896389
100	2500	1987791
100	2250	2062042
100	2000	2129164
100	1750	2295225
100	1500	2441773
100	1250	2633331
100	1000	2771721
100	750	2851915
100	500	3138287
100	250	3554947
100	100	4040083
100	75	4121494
100	50	4356905
100	25	4560169
100	10000	636771
100	9750	673809
100	9500	702015
100	9250	717126
100	9000	737935
100	8750	764551
100	8500	790959
100	8250	809514
100	8000	842030
100	7750	880554
100	7500	895273
100	7250	917651
100	7000	932637
100	6750	965677
100	6500	1005433
100	6250	1022086
100	6000	1040674
100	5750	1109102
100	5500	1155598
100	5250	1196213
100	5000	1259492
100	4750	1315488
100	4500	1361875
100	4250	1449536
100	4000	1553612
100	3750	1593138
100	3500	1670586
100	3250	1766437
100	3000	1822133
100	2750	1983229
100	2500	2025992
100	2250	2129302
100	2000	2264773
100	1750	2409215
100	1500	2564656
100	1250	2715283
100	1000	2857950
100	750	3020810
100	500	3421323
100	250	3718285
100	100	4055202
100	75	4133353
100	50	4422932
100	25	4591212
100	10000	644504
100	9750	662905
100	9500	680277
100	9250	698145
100	9000	730567
100	8750	762435
100	8500	786577
100	8250	817027
100	8000	848345
100	7750	871302
100	7500	906281
100	7250	935915
100	7000	968226
100	6750	991812
100	6500	1032369
100	6250	1058412
100	6000	1082997
100	5750	1119106
100	5500	1154179
100	5250	1193295
100	5000	1236772
100	4750	1316276
100	4500	1378790
100	4250	1444140
100	4000	1562662
100	3750	1632365
100	3500	1736255
100	3250	1768504
100	3000	1855898
100	2750	1896161
100	2500	2013262
100	2250	2093002
100	2000	2219233
100	1750	2346005
100	1500	2508354
100	1250	2682500
100	1000	2794859
100	750	3017402
100	500	3296566
100	250	3700214
100	100	4089116
100	75	4350263
100	50	4434343
100	25	4492091
100	10000	629244
100	9750	644061
100	9500	666356
100	9250	682892
100	9000	708143
100	8750	724587
100	8500	755637
100	8250	772781
100	8000	796537
100	7750	825015
100	7500	839565
100	7250	857871
100	7000	894555
100	6750	935635
100	6500	1004137
100	6250	1035034
100	6000	1085507
100	5750	1129956
100	5500	1176084
100	5250	1216484
100	5000	1261640
100	4750	1349450
100	4500	1380528
100	4250	1421966
100	4000	1455585
100	3750	1535464
100	3500	1615468
100	3250	1658497
100	3000	1712708
100	2750	1772251
100	2500	1850964
100	2250	1945624
100	2000	2110320
100	1750	2194293
100	1500	2384098
100	1250	2530124
100	1000	2716764
100	750	3138113
100	500	3408141
100	250	3810310
100	100	4150890
100	75	4188334
100	50	4207780
100	25	4465608
95	10000	4635068
95	9750	4635063
95	9500	4635116
95	9250	4634735
95	9000	4634843
95	8750	4635358
95	8500	4635573
95	8250	4635485
95	8000	4635595
95	7750	4635482
95	7500	4635730
95	7250	4635689
95	7000	4635509
95	6750	4635544
95	6500	4635526
95	6250	4636093
95	6000	4636087
95	5750	4636276
95	5500	4636756
95	5250	4636636
95	5000	4636729
95	4750	4636698
95	4500	4636454
95	4250	4636684
95	4000	4636627
95	3750	4636997
95	3500	4637714
95	3250	4637839
95	3000	4638002
95	2750	4637675
95	2500	4638059
95	2250	4637693
95	2000	4637544
95	1750	4637437
95	1500	4637486
95	1250	4637576
95	1000	4637892
95	750	4634958
95	500	4639175
95	250	4640966
95	100	4635678
95	75	4623837
95	50	4626177
95	25	4616987
95	10000	4634840
95	9750	4634729
95	9500	4634596
95	9250	4634455
95	9000	4634686
95	8750	4634568
95	8500	4634667
95	8250	4634685
95	8000	4634956
95	7750	4634804
95	7500	4634545
95	7250	4634344
95	7000	4634043
95	6750	4633754
95	6500	4634082
95	6250	4633939
95	6000	4634217
95	5750	4634004
95	5500	4633790
95	5250	4634297
95	5000	4634394
95	4750	4634336
95	4500	4634100
95	4250	4633696
95	4000	4633315
95	3750	4632760
95	3500	4633030
95	3250	4632594
95	3000	4631864
95	2750	4632634
95	2500	4632889
95	2250	4632935
95	2000	4633791
95	1750	4633392
95	1500	4631963
95	1250	4632741
95	1000	4634080
95	750	4633683
95	500	4633141
95	250	4623643
95	100	4626272
95	75	4601987
95	50	4609309
95	25	4576655
95	10000	4635061
95	9750	4635119
95	9500	4635030
95	9250	4634967
95	9000	4634893
95	8750	4634831
95	8500	4635101
95	8250	4634814
95	8000	4634997
95	7750	4634920
95	7500	4635012
95	7250	4635057
95	7000	4635213
95	6750	4635083
95	6500	4635071
95	6250	4635134
95	6000	4635101
95	5750	4634804
95	5500	4634882
95	5250	4634553
95	5000	4633743
95	4750	4633724
95	4500	4633753
95	4250	4633884
95	4000	4634666
95	3750	4633649
95	3500	4633496
95	3250	4633046
95	3000	4633040
95	2750	4633430
95	2500	4634033
95	2250	4633027
95	2000	4632181
95	1750	4631363
95	1500	4630628
95	1250	4628763
95	1000	4614119
95	750	4617143
95	500	4620777
95	250	4606376
95	100	4600708
95	75	4567881
95	50	4601768
95	25	4573734
95	10000	4634858
95	9750	4634764
95	9500	4634811
95	9250	4634713
95	9000	4634777
95	8750	4635023
95	8500	4635038
95	8250	4635096
95	8000	4635543
95	7750	4635523
95	7500	4635775
95	7250	4635793
95	7000	4635650
95	6750	4635280
95	6500	4635145
95	6250	4635106
95	6000	4635109
95	5750	4634868
95	5500	4634964
95	5250	4635090
95	5000	4635242
95	4750	4635899
95	4500	4635643
95	4250	4635427
95	4000	4635604
95	3750	4635749
95	3500	4635667
95	3250	4635907
95	3000	4636530
95	2750	4635883
95	2500	4635922
95	2250	4636037
95	2000	4636399
95	1750	4636420
95	1500	4636483
95	1250	4636241
95	1000	4635937
95	750	4633188
95	500	4631917
95	250	4635021
95	100	4633308
95	75	4629002
95	50	4635210
95	25	4630122
95	10000	4634815
95	9750	4634656
95	9500	4634741
95	9250	4634755
95	9000	4634687
95	8750	4634594
95	8500	4634800
95	8250	4634832
95	8000	4634631
95	7750	4634640
95	7500	4634603
95	7250	4634507
95	7000	4634539
95	6750	4634646
95	6500	4634745
95	6250	4634781
95	6000	4634937
95	5750	4635425
95	5500	4635386
95	5250	4635618
95	5000	4635524
95	4750	4635431
95	4500	4635284
95	4250	4634848
95	4000	4635185
95	3750	4635621
95	3500	4635170
95	3250	4635521
95	3000	4635929
95	2750	4636096
95	2500	4635743
95	2250	4634894
95	2000	4635570
95	1750	4633949
95	1500	4633756
95	1250	4631476
95	1000	4627036
95	750	4631278
95	500	4637234
95	250	4632464
95	100	4620163
95	75	4597644
95	50	4618814
95	25	4601830
95	10000	4634656
95	9750	4634784
95	9500	4634750
95	9250	4634855
95	9000	4634741
95	8750	4634762
95	8500	4634849
95	8250	4634673
95	8000	4634710
95	7750	4634550
95	7500	4634730
95	7250	4634773
95	7000	4634628
95	6750	4634664
95	6500	4634805
95	6250	4635063
95	6000	4635402
95	5750	4635541
95	5500	4635465
95	5250	4635879
95	5000	4635928
95	4750	4635946
95	4500	4636386
95	4250	4636365
95	4000	4636354
95	3750	4635718
95	3500	4635621
95	3250	4635554
95	3000	4635539
95	2750	4635671
95	2500	4636119
95	2250	4636180
95	2000	4636790
95	1750	4635186
95	1500	4635180
95	1250	4634222
95	1000	4634948
95	750	4634657
95	500	4638226
95	250	4618066
95	100	4622785
95	75	4607777
95	50	4601440
95	25	4578207
95	10000	4634802
95	9750	4634391
95	9500	4634295
95	9250	4634368
95	9000	4634363
95	8750	4634371
95	8500	4634499
95	8250	4634467
95	8000	4634682
95	7750	4634123
95	7500	4634621
95	7250	4634801
95	7000	4635161
95	6750	4634845
95	6500	4634821
95	6250	4634594
95	6000	4634916
95	5750	4635293
95	5500	4635638
95	5250	4635592
95	5000	4635670
95	4750	4635301
95	4500	4635195
95	4250	4635224
95	4000	4634646
95	3750	4634071
95	3500	4634390
95	3250	4633735
95	3000	4633065
95	2750	4633164
95	2500	4632998
95	2250	4632442
95	2000	4631586
95	1750	4631422
95	1500	4630974
95	1250	4631430
95	1000	4629756
95	750	4625242
95	500	4626716
95	250	4615357
95	100	4625095
95	75	4587122
95	50	4628408
95	25	4636475
95	10000	4634861
95	9750	4634895
95	9500	4635088
95	9250	4635021
95	9000	4635187
95	8750	4635459
95	8500	4635570
95	8250	4635665
95	8000	4635591
95	7750	4635336
95	7500	4635161
95	7250	4634965
95	7000	4634972
95	6750	4634955
95	6500	4634803
95	6250	4634585
95	6000	4634909
95	5750	4634684
95	5500	4634929
95	5250	4634824
95	5000	4634500
95	4750	4634152
95	4500	4634521
95	4250	4634666
95	4000	4634794
95	3750	4634027
95	3500	4634251
95	3250	4633886
95	3000	4633738
95	2750	4633800
95	2500	4633551
95	2250	4633315
95	2000	4635358
95	1750	4634627
95	1500	4635396
95	1250	4634961
95	1000	4636796
95	750	4635717
95	500	4631135
95	250	4605039
95	100	4619043
95	75	4620114
95	50	4627309
95	25	4633335
95	10000	4634818
95	9750	4634826
95	9500	4635030
95	9250	4635136
95	9000	4635239
95	8750	4635131
95	8500	4635283
95	8250	4635227
95	8000	4635193
95	7750	4635015
95	7500	4635495
95	7250	4635451
95	7000	4635315
95	6750	4635096
95	6500	4635201
95	6250	4635085
95	6000	4635512
95	5750	4635761
95	5500	4635319
95	5250	4635046
95	5000	4635014
95	4750	4634701
95	4500	4634877
95	4250	4635058
95	4000	4635997
95	3750	4636251
95	3500	4636315
95	3250	4636156
95	3000	4636173
95	2750	4635557
95	2500	4635918
95	2250	4635477
95	2000	4634589
95	1750	4629994
95	1500	4626965
95	1250	4626469
95	1000	4617379
95	750	4631448
95	500	4628951
95	250	4623954
95	100	4609535
95	75	4620117
95	50	4617851
95	25	4624059
95	10000	4634915
95	9750	4634822
95	9500	4634824
95	9250	4634867
95	9000	4634900
95	8750	4634972
95	8500	4634896
95	8250	4634909
95	8000	4634920
95	7750	4634843
95	7500	4634586
95	7250	4634156
95	7000	4634550
95	6750	4634332
95	6500	4634892
95	6250	4634395
95	6000	4634358
95	5750	4634358
95	5500	4633966
95	5250	4634103
95	5000	4633896
95	4750	4634341
95	4500	4634620
95	4250	4633662
95	4000	4633548
95	3750	4633113
95	3500	4633878
95	3250	4633552
95	3000	4633305
95	2750	4634351
95	2500	4634181
95	2250	4633273
95	2000	4633572
95	1750	4632404
95	1500	4631753
95	1250	4627687
95	1000	4628616
95	750	4630420
95	500	4631209
95	250	4627406
95	100	4625790
95	75	4600907
95	50	4566658
95	25	4596865
80	10000	4657019
80	9750	4657019
80	9500	4657022
80	9250	4657022
80	9000	4657014
80	8750	4657014
80	8500	4657012
80	8250	4657008
80	8000	4657004
80	7750	4657000
80	7500	4656999
80	7250	4656993
80	7000	4656988
80	6750	4656971
80	6500	4656985
80	6250	4656976
80	6000	4656997
80	5750	4657009
80	5500	4657030
80	5250	4657027
80	5000	4657013
80	4750	4657016
80	4500	4656997
80	4250	4657022
80	4000	4657014
80	3750	4657034
80	3500	4657056
80	3250	4657032
80	3000	4657044
80	2750	4657041
80	2500	4657052
80	2250	4657037
80	2000	4657044
80	1750	4656983
80	1500	4657006
80	1250	4657065
80	1000	4657036
80	750	4656940
80	500	4657014
80	250	4657145
80	100	4657248
80	75	4657131
80	50	4657322
80	25	4656633
80	10000	4657032
80	9750	4657027
80	9500	4657022
80	9250	4657019
80	9000	4657023
80	8750	4657033
80	8500	4657034
80	8250	4657020
80	8000	4657021
80	7750	4657029
80	7500	4657031
80	7250	4657028
80	7000	4657031
80	6750	4657031
80	6500	4657032
80	6250	4657034
80	6000	4657030
80	5750	4657031
80	5500	4657031
80	5250	4657038
80	5000	4657037
80	4750	4657049
80	4500	4657057
80	4250	4657043
80	4000	4657043
80	3750	4657026
80	3500	4657033
80	3250	4657061
80	3000	4657048
80	2750	4657031
80	2500	4657045
80	2250	4657031
80	2000	4657057
80	1750	4657054
80	1500	4657044
80	1250	4657069
80	1000	4657087
80	750	4657032
80	500	4656964
80	250	4656890
80	100	4656862
80	75	4657068
80	50	4657408
80	25	4658191
80	10000	4657027
80	9750	4657030
80	9500	4657042
80	9250	4657049
80	9000	4657054
80	8750	4657051
80	8500	4657040
80	8250	4657030
80	8000	4657028
80	7750	4657017
80	7500	4657023
80	7250	4657025
80	7000	4657021
80	6750	4657026
80	6500	4657038
80	6250	4657044
80	6000	4657045
80	5750	4657043
80	5500	4657057
80	5250	4657056
80	5000	4657037
80	4750	4657036
80	4500	4657031
80	4250	4657022
80	4000	4657010
80	3750	4657015
80	3500	4657026
80	3250	4657004
80	3000	4656986
80	2750	4656986
80	2500	4657002
80	2250	4657041
80	2000	4657045
80	1750	4657065
80	1500	4657114
80	1250	4657140
80	1000	4657070
80	750	4657034
80	500	4656889
80	250	4656836
80	100	4656688
80	75	4656449
80	50	4656165
80	25	4655610
80	10000	4657028
80	9750	4657028
80	9500	4657049
80	9250	4657048
80	9000	4657046
80	8750	4657040
80	8500	4657032
80	8250	4657041
80	8000	4657037
80	7750	4657050
80	7500	4657051
80	7250	4657038
80	7000	4657023
80	6750	4657022
80	6500	4657020
80	6250	4657038
80	6000	4657043
80	5750	4657048
80	5500	4657047
80	5250	4657058
80	5000	4657069
80	4750	4657080
80	4500	4657058
80	4250	4657051
80	4000	4657054
80	3750	4657089
80	3500	4657056
80	3250	4657063
80	3000	4657079
80	2750	4657051
80	2500	4656990
80	2250	4656971
80	2000	4656966
80	1750	4657025
80	1500	4657074
80	1250	4657086
80	1000	4657000
80	750	4656992
80	500	4657079
80	250	4657222
80	100	4657322
80	75	4657547
80	50	4657914
80	25	4657920
80	10000	4657021
80	9750	4657025
80	9500	4657032
80	9250	4657044
80	9000	4657039
80	8750	4657036
80	8500	4657031
80	8250	4657041
80	8000	4657044
80	7750	4657059
80	7500	4657054
80	7250	4657042
80	7000	4657029
80	6750	4657031
80	6500	4657046
80	6250	4657041
80	6000	4657058
80	5750	4657064
80	5500	4657060
80	5250	4657059
80	5000	4657025
80	4750	4657010
80	4500	4657011
80	4250	4657023
80	4000	4657049
80	3750	4657037
80	3500	4657010
80	3250	4657002
80	3000	4656986
80	2750	4656999
80	2500	4657018
80	2250	4656993
80	2000	4657008
80	1750	4656977
80	1500	4656896
80	1250	4656803
80	1000	4656760
80	750	4656893
80	500	4656824
80	250	4656175
80	100	4656291
80	75	4656331
80	50	4656441
80	25	4654954
80	10000	4657031
80	9750	4657032
80	9500	4657032
80	9250	4657032
80	9000	4657025
80	8750	4657028
80	8500	4657031
80	8250	4657026
80	8000	4657034
80	7750	4657028
80	7500	4657029
80	7250	4657034
80	7000	4657027
80	6750	4657028
80	6500	4657026
80	6250	4657031
80	6000	4657042
80	5750	4657041
80	5500	4657024
80	5250	4657055
80	5000	4657037
80	4750	4657007
80	4500	4657032
80	4250	4657037
80	4000	4657063
80	3750	4657037
80	3500	4657032
80	3250	4657050
80	3000	4657041
80	2750	4657081
80	2500	4657042
80	2250	4657052
80	2000	4657071
80	1750	4657014
80	1500	4656956
80	1250	4656991
80	1000	4657076
80	750	4657147
80	500	4657278
80	250	4657174
80	100	4657088
80	75	4657216
80	50	4657064
80	25	4657103
80	10000	4657018
80	9750	4657022
80	9500	4657012
80	9250	4657020
80	9000	4657021
80	8750	4657004
80	8500	4657004
80	8250	4657020
80	8000	4657022
80	7750	4657016
80	7500	4657021
80	7250	4657015
80	7000	4657026
80	6750	4657033
80	6500	4657032
80	6250	4657039
80	6000	4657049
80	5750	4657076
80	5500	4657075
80	5250	4657072
80	5000	4657066
80	4750	4657062
80	4500	4657053
80	4250	4657064
80	4000	4657103
80	3750	4657064
80	3500	4657123
80	3250	4657092
80	3000	4657075
80	2750	4657110
80	2500	4657096
80	2250	4657069
80	2000	4657054
80	1750	4657051
80	1500	4656993
80	1250	4656969
80	1000	4656950
80	750	4656914
80	500	4656894
80	250	4656570
80	100	4657081
80	75	4656967
80	50	4657202
80	25	4657663
80	10000	4657022
80	9750	4657031
80	9500	4657028
80	9250	4657027
80	9000	4657034
80	8750	4657035
80	8500	4657033
80	8250	4657037
80	8000	4657026
80	7750	4657031
80	7500	4657030
80	7250	4657024
80	7000	4657033
80	6750	4657028
80	6500	4657027
80	6250	4657022
80	6000	4657014
80	5750	4657037
80	5500	4657053
80	5250	4657063
80	5000	4657058
80	4750	4657038
80	4500	4657055
80	4250	4657056
80	4000	4657075
80	3750	4657061
80	3500	4657062
80	3250	4657081
80	3000	4657081
80	2750	4657090
80	2500	4657107
80	2250	4657165
80	2000	4657136
80	1750	4657113
80	1500	4657113
80	1250	4657053
80	1000	4657141
80	750	4657156
80	500	4657248
80	250	4657085
80	100	4657252
80	75	4657318
80	50	4657369
80	25	4657516
80	10000	4657035
80	9750	4657039
80	9500	4657048
80	9250	4657045
80	9000	4657041
80	8750	4657048
80	8500	4657035
80	8250	4657039
80	8000	4657030
80	7750	4657024
80	7500	4657035
80	7250	4657045
80	7000	4657026
80	6750	4657005
80	6500	4656998
80	6250	4656983
80	6000	4656983
80	5750	4656995
80	5500	4656983
80	5250	4656989
80	5000	4656978
80	4750	4656975
80	4500	4656963
80	4250	4656968
80	4000	4656999
80	3750	4657013
80	3500	4657028
80	3250	4657050
80	3000	4657032
80	2750	4657038
80	2500	4657052
80	2250	4657017
80	2000	4656984
80	1750	4657060
80	1500	4657013
80	1250	4656989
80	1000	4656867
80	750	4656842
80	500	4656868
80	250	4656549
80	100	4656867
80	75	4656680
80	50	4656385
80	25	4655385
80	10000	4657030
80	9750	4657025
80	9500	4657028
80	9250	4657020
80	9000	4657029
80	8750	4657031
80	8500	4657030
80	8250	4657042
80	8000	4657037
80	7750	4657043
80	7500	4657046
80	7250	4657045
80	7000	4657058
80	6750	4657055
80	6500	4657065
80	6250	4657073
80	6000	4657088
80	5750	4657085
80	5500	4657086
80	5250	4657086
80	5000	4657078
80	4750	4657080
80	4500	4657063
80	4250	4657050
80	4000	4657053
80	3750	4657061
80	3500	4657041
80	3250	4657041
80	3000	4657027
80	2750	4657047
80	2500	4657049
80	2250	4656995
80	2000	4656969
80	1750	4656991
80	1500	4656919
80	1250	4656943
80	1000	4656946
80	750	4656978
80	500	4656827
80	250	4656952
80	100	4657409
80	75	4657300
80	50	4657449
80	25	4657846
70	10000	4658238
70	9750	4658238
70	9500	4658237
70	9250	4658238
70	9000	4658234
70	8750	4658227
70	8500	4658225
70	8250	4658218
70	8000	4658222
70	7750	4658200
70	7500	4658195
70	7250	4658203
70	7000	4658201
70	6750	4658192
70	6500	4658200
70	6250	4658195
70	6000	4658207
70	5750	4658213
70	5500	4658227
70	5250	4658223
70	5000	4658210
70	4750	4658206
70	4500	4658197
70	4250	4658221
70	4000	4658216
70	3750	4658231
70	3500	4658251
70	3250	4658236
70	3000	4658236
70	2750	4658226
70	2500	4658230
70	2250	4658215
70	2000	4658241
70	1750	4658204
70	1500	4658203
70	1250	4658210
70	1000	4658211
70	750	4658128
70	500	4658153
70	250	4658222
70	100	4658358
70	75	4658139
70	50	4658438
70	25	4658285
70	10000	4658243
70	9750	4658238
70	9500	4658239
70	9250	4658239
70	9000	4658241
70	8750	4658243
70	8500	4658238
70	8250	4658231
70	8000	4658232
70	7750	4658230
70	7500	4658238
70	7250	4658241
70	7000	4658247
70	6750	4658246
70	6500	4658239
70	6250	4658239
70	6000	4658231
70	5750	4658231
70	5500	4658235
70	5250	4658245
70	5000	4658242
70	4750	4658253
70	4500	4658260
70	4250	4658259
70	4000	4658252
70	3750	4658234
70	3500	4658258
70	3250	4658288
70	3000	4658277
70	2750	4658272
70	2500	4658282
70	2250	4658268
70	2000	4658318
70	1750	4658371
70	1500	4658388
70	1250	4658390
70	1000	4658414
70	750	4658325
70	500	4658263
70	250	4658305
70	100	4658465
70	75	4658780
70	50	4660163
70	25	4660493
70	10000	4658241
70	9750	4658239
70	9500	4658247
70	9250	4658252
70	9000	4658255
70	8750	4658253
70	8500	4658246
70	8250	4658241
70	8000	4658238
70	7750	4658226
70	7500	4658230
70	7250	4658230
70	7000	4658227
70	6750	4658234
70	6500	4658248
70	6250	4658250
70	6000	4658248
70	5750	4658259
70	5500	4658283
70	5250	4658280
70	5000	4658254
70	4750	4658257
70	4500	4658252
70	4250	4658239
70	4000	4658205
70	3750	4658220
70	3500	4658195
70	3250	4658162
70	3000	4658160
70	2750	4658167
70	2500	4658167
70	2250	4658173
70	2000	4658173
70	1750	4658181
70	1500	4658226
70	1250	4658255
70	1000	4658216
70	750	4658184
70	500	4658148
70	250	4658067
70	100	4658020
70	75	4657832
70	50	4657748
70	25	4657018
70	10000	4658245
70	9750	4658246
70	9500	4658263
70	9250	4658261
70	9000	4658259
70	8750	4658255
70	8500	4658247
70	8250	4658256
70	8000	4658252
70	7750	4658263
70	7500	4658261
70	7250	4658255
70	7000	4658246
70	6750	4658245
70	6500	4658241
70	6250	4658249
70	6000	4658249
70	5750	4658256
70	5500	4658259
70	5250	4658264
70	5000	4658272
70	4750	4658274
70	4500	4658258
70	4250	4658251
70	4000	4658259
70	3750	4658273
70	3500	4658252
70	3250	4658258
70	3000	4658280
70	2750	4658270
70	2500	4658227
70	2250	4658198
70	2000	4658193
70	1750	4658235
70	1500	4658258
70	1250	4658255
70	1000	4658213
70	750	4658205
70	500	4658237
70	250	4658464
70	100	4658699
70	75	4659113
70	50	4659918
70	25	4659337
70	10000	4658245
70	9750	4658245
70	9500	4658259
70	9250	4658263
70	9000	4658263
70	8750	4658255
70	8500	4658253
70	8250	4658253
70	8000	4658255
70	7750	4658261
70	7500	4658262
70	7250	4658250
70	7000	4658246
70	6750	4658238
70	6500	4658241
70	6250	4658240
70	6000	4658250
70	5750	4658246
70	5500	4658250
70	5250	4658259
70	5000	4658232
70	4750	4658229
70	4500	4658224
70	4250	4658215
70	4000	4658233
70	3750	4658227
70	3500	4658202
70	3250	4658199
70	3000	4658169
70	2750	4658179
70	2500	4658197
70	2250	4658199
70	2000	4658191
70	1750	4658160
70	1500	4658122
70	1250	4658079
70	1000	4658045
70	750	4658112
70	500	4658051
70	250	4657771
70	100	4657754
70	75	4657589
70	50	4657568
70	25	4656711
70	10000	4658248
70	9750	4658244
70	9500	4658244
70	9250	4658241
70	9000	4658239
70	8750	4658240
70	8500	4658245
70	8250	4658245
70	8000	4658249
70	7750	4658245
70	7500	4658244
70	7250	4658249
70	7000	4658240
70	6750	4658235
70	6500	4658234
70	6250	4658236
70	6000	4658243
70	5750	4658243
70	5500	4658226
70	5250	4658233
70	5000	4658224
70	4750	4658215
70	4500	4658222
70	4250	4658224
70	4000	4658252
70	3750	4658228
70	3500	4658215
70	3250	4658235
70	3000	4658217
70	2750	4658233
70	2500	4658202
70	2250	4658201
70	2000	4658243
70	1750	4658166
70	1500	4658088
70	1250	4658121
70	1000	4658194
70	750	4658237
70	500	4658408
70	250	4658389
70	100	4658272
70	75	4658498
70	50	4658384
70	25	4658118
70	10000	4658242
70	9750	4658242
70	9500	4658229
70	9250	4658248
70	9000	4658242
70	8750	4658232
70	8500	4658236
70	8250	4658238
70	8000	4658238
70	7750	4658224
70	7500	4658234
70	7250	4658239
70	7000	4658241
70	6750	4658254
70	6500	4658253
70	6250	4658258
70	6000	4658263
70	5750	4658272
70	5500	4658270
70	5250	4658263
70	5000	4658261
70	4750	4658254
70	4500	4658245
70	4250	4658252
70	4000	4658273
70	3750	4658244
70	3500	4658268
70	3250	4658257
70	3000	4658244
70	2750	4658284
70	2500	4658252
70	2250	4658225
70	2000	4658211
70	1750	4658198
70	1500	4658151
70	1250	4658149
70	1000	4658146
70	750	4658175
70	500	4658198
70	250	4658075
70	100	4658718
70	75	4658281
70	50	4658346
70	25	4659419
70	10000	4658239
70	9750	4658239
70	9500	4658240
70	9250	4658247
70	9000	4658250
70	8750	4658252
70	8500	4658253
70	8250	4658249
70	8000	4658240
70	7750	4658243
70	7500	4658248
70	7250	4658250
70	7000	4658261
70	6750	4658262
70	6500	4658262
70	6250	4658259
70	6000	4658252
70	5750	4658263
70	5500	4658273
70	5250	4658281
70	5000	4658276
70	4750	4658250
70	4500	4658260
70	4250	4658263
70	4000	4658273
70	3750	4658275
70	3500	4658284
70	3250	4658275
70	3000	4658278
70	2750	4658285
70	2500	4658315
70	2250	4658357
70	2000	4658324
70	1750	4658274
70	1500	4658248
70	1250	4658219
70	1000	4658318
70	750	4658313
70	500	4658493
70	250	4658267
70	100	4658306
70	75	4658272
70	50	4658387
70	25	4659179
70	10000	4658250
70	9750	4658252
70	9500	4658257
70	9250	4658254
70	9000	4658248
70	8750	4658253
70	8500	4658244
70	8250	4658244
70	8000	4658244
70	7750	4658233
70	7500	4658242
70	7250	4658248
70	7000	4658239
70	6750	4658220
70	6500	4658217
70	6250	4658209
70	6000	4658213
70	5750	4658225
70	5500	4658211
70	5250	4658215
70	5000	4658208
70	4750	4658201
70	4500	4658197
70	4250	4658192
70	4000	4658202
70	3750	4658198
70	3500	4658214
70	3250	4658239
70	3000	4658216
70	2750	4658221
70	2500	4658222
70	2250	4658204
70	2000	4658171
70	1750	4658203
70	1500	4658161
70	1250	4658155
70	1000	4658138
70	750	4658125
70	500	4658130
70	250	4658066
70	100	4658101
70	75	4657991
70	50	4657895
70	25	4657367
70	10000	4658245
70	9750	4658243
70	9500	4658244
70	9250	4658239
70	9000	4658243
70	8750	4658248
70	8500	4658246
70	8250	4658255
70	8000	4658246
70	7750	4658251
70	7500	4658253
70	7250	4658254
70	7000	4658272
70	6750	4658261
70	6500	4658267
70	6250	4658286
70	6000	4658294
70	5750	4658295
70	5500	4658291
70	5250	4658291
70	5000	4658293
70	4750	4658296
70	4500	4658279
70	4250	4658266
70	4000	4658272
70	3750	4658293
70	3500	4658260
70	3250	4658276
70	3000	4658250
70	2750	4658266
70	2500	4658269
70	2250	4658250
70	2000	4658251
70	1750	4658221
70	1500	4658133
70	1250	4658156
70	1000	4658180
70	750	4658213
70	500	4658160
70	250	4658289
70	100	4659261
70	75	4658980
70	50	4659330
70	25	4659588
60	10000	4660290
60	9750	4660289
60	9500	4660294
60	9250	4660292
60	9000	4660289
60	8750	4660273
60	8500	4660263
60	8250	4660266
60	8000	4660284
60	7750	4660249
60	7500	4660238
60	7250	4660230
60	7000	4660214
60	6750	4660195
60	6500	4660202
60	6250	4660176
60	6000	4660218
60	5750	4660242
60	5500	4660265
60	5250	4660282
60	5000	4660253
60	4750	4660239
60	4500	4660209
60	4250	4660249
60	4000	4660230
60	3750	4660268
60	3500	4660304
60	3250	4660283
60	3000	4660278
60	2750	4660314
60	2500	4660346
60	2250	4660316
60	2000	4660341
60	1750	4660259
60	1500	4660286
60	1250	4660370
60	1000	4660371
60	750	4660243
60	500	4660266
60	250	4660518
60	100	4660550
60	75	4659942
60	50	4660881
60	25	4661014
60	10000	4660298
60	9750	4660289
60	9500	4660287
60	9250	4660284
60	9000	4660285
60	8750	4660287
60	8500	4660287
60	8250	4660283
60	8000	4660283
60	7750	4660302
60	7500	4660322
60	7250	4660334
60	7000	4660348
60	6750	4660369
60	6500	4660349
60	6250	4660348
60	6000	4660324
60	5750	4660343
60	5500	4660346
60	5250	4660360
60	5000	4660348
60	4750	4660385
60	4500	4660404
60	4250	4660393
60	4000	4660378
60	3750	4660335
60	3500	4660390
60	3250	4660416
60	3000	4660415
60	2750	4660397
60	2500	4660441
60	2250	4660422
60	2000	4660503
60	1750	4660552
60	1500	4660549
60	1250	4660552
60	1000	4660636
60	750	4660519
60	500	4660364
60	250	4660491
60	100	4660693
60	75	4660961
60	50	4661377
60	25	4661753
60	10000	4660276
60	9750	4660277
60	9500	4660282
60	9250	4660292
60	9000	4660294
60	8750	4660294
60	8500	4660284
60	8250	4660271
60	8000	4660264
60	7750	4660240
60	7500	4660252
60	7250	4660238
60	7000	4660217
60	6750	4660246
60	6500	4660274
60	6250	4660274
60	6000	4660276
60	5750	4660285
60	5500	4660306
60	5250	4660312
60	5000	4660293
60	4750	4660293
60	4500	4660300
60	4250	4660270
60	4000	4660218
60	3750	4660235
60	3500	4660232
60	3250	4660175
60	3000	4660148
60	2750	4660140
60	2500	4660170
60	2250	4660255
60	2000	4660274
60	1750	4660267
60	1500	4660326
60	1250	4660375
60	1000	4660253
60	750	4660208
60	500	4660168
60	250	4659932
60	100	4658992
60	75	4658664
60	50	4658453
60	25	4658227
60	10000	4660279
60	9750	4660278
60	9500	4660311
60	9250	4660317
60	9000	4660319
60	8750	4660303
60	8500	4660290
60	8250	4660309
60	8000	4660310
60	7750	4660323
60	7500	4660325
60	7250	4660306
60	7000	4660274
60	6750	4660269
60	6500	4660265
60	6250	4660280
60	6000	4660286
60	5750	4660316
60	5500	4660302
60	5250	4660333
60	5000	4660334
60	4750	4660330
60	4500	4660291
60	4250	4660253
60	4000	4660262
60	3750	4660304
60	3500	4660243
60	3250	4660255
60	3000	4660294
60	2750	4660263
60	2500	4660163
60	2250	4660074
60	2000	4660074
60	1750	4660133
60	1500	4660219
60	1250	4660246
60	1000	4660126
60	750	4660146
60	500	4660390
60	250	4660744
60	100	4660625
60	75	4661189
60	50	4661226
60	25	4661122
60	10000	4660284
60	9750	4660289
60	9500	4660318
60	9250	4660331
60	9000	4660324
60	8750	4660315
60	8500	4660310
60	8250	4660313
60	8000	4660319
60	7750	4660334
60	7500	4660331
60	7250	4660308
60	7000	4660293
60	6750	4660282
60	6500	4660297
60	6250	4660290
60	6000	4660296
60	5750	4660289
60	5500	4660289
60	5250	4660306
60	5000	4660242
60	4750	4660266
60	4500	4660268
60	4250	4660252
60	4000	4660276
60	3750	4660262
60	3500	4660234
60	3250	4660209
60	3000	4660190
60	2750	4660249
60	2500	4660277
60	2250	4660303
60	2000	4660314
60	1750	4660252
60	1500	4660134
60	1250	4660038
60	1000	4659920
60	750	4660094
60	500	4659889
60	250	4658681
60	100	4659128
60	75	4658911
60	50	4658774
60	25	4657768
60	10000	4660292
60	9750	4660291
60	9500	4660300
60	9250	4660292
60	9000	4660294
60	8750	4660286
60	8500	4660302
60	8250	4660297
60	8000	4660310
60	7750	4660295
60	7500	4660295
60	7250	4660304
60	7000	4660288
60	6750	4660279
60	6500	4660263
60	6250	4660291
60	6000	4660321
60	5750	4660318
60	5500	4660285
60	5250	4660294
60	5000	4660284
60	4750	4660253
60	4500	4660290
60	4250	4660290
60	4000	4660319
60	3750	4660285
60	3500	4660247
60	3250	4660258
60	3000	4660236
60	2750	4660278
60	2500	4660225
60	2250	4660236
60	2000	4660367
60	1750	4660244
60	1500	4660093
60	1250	4660155
60	1000	4660199
60	750	4660297
60	500	4660513
60	250	4660450
60	100	4659973
60	75	4660264
60	50	4659574
60	25	4659278
60	10000	4660274
60	9750	4660276
60	9500	4660264
60	9250	4660284
60	9000	4660281
60	8750	4660270
60	8500	4660271
60	8250	4660272
60	8000	4660273
60	7750	4660267
60	7500	4660278
60	7250	4660274
60	7000	4660274
60	6750	4660289
60	6500	4660293
60	6250	4660310
60	6000	4660338
60	5750	4660358
60	5500	4660354
60	5250	4660327
60	5000	4660331
60	4750	4660337
60	4500	4660310
60	4250	4660324
60	4000	4660416
60	3750	4660361
60	3500	4660452
60	3250	4660441
60	3000	4660417
60	2750	4660477
60	2500	4660486
60	2250	4660469
60	2000	4660456
60	1750	4660455
60	1500	4660324
60	1250	4660335
60	1000	4660280
60	750	4660315
60	500	4660130
60	250	4660197
60	100	4660941
60	75	4660801
60	50	4660630
60	25	4661064
60	10000	4660275
60	9750	4660282
60	9500	4660276
60	9250	4660280
60	9000	4660287
60	8750	4660292
60	8500	4660297
60	8250	4660292
60	8000	4660281
60	7750	4660299
60	7500	4660311
60	7250	4660316
60	7000	4660341
60	6750	4660353
60	6500	4660359
60	6250	4660359
60	6000	4660340
60	5750	4660366
60	5500	4660375
60	5250	4660421
60	5000	4660403
60	4750	4660387
60	4500	4660424
60	4250	4660431
60	4000	4660445
60	3750	4660412
60	3500	4660419
60	3250	4660435
60	3000	4660475
60	2750	4660475
60	2500	4660499
60	2250	4660554
60	2000	4660542
60	1750	4660512
60	1500	4660486
60	1250	4660414
60	1000	4660566
60	750	4660547
60	500	4660661
60	250	4660468
60	100	4660207
60	75	4660266
60	50	4660298
60	25	4661314
60	10000	4660294
60	9750	4660307
60	9500	4660338
60	9250	4660314
60	9000	4660296
60	8750	4660314
60	8500	4660277
60	8250	4660279
60	8000	4660278
60	7750	4660268
60	7500	4660269
60	7250	4660279
60	7000	4660265
60	6750	4660236
60	6500	4660234
60	6250	4660209
60	6000	4660199
60	5750	4660235
60	5500	4660193
60	5250	4660217
60	5000	4660185
60	4750	4660146
60	4500	4660139
60	4250	4660135
60	4000	4660133
60	3750	4660135
60	3500	4660198
60	3250	4660261
60	3000	4660175
60	2750	4660164
60	2500	4660165
60	2250	4660110
60	2000	4660018
60	1750	4660084
60	1500	4659954
60	1250	4659924
60	1000	4659887
60	750	4659836
60	500	4659797
60	250	4659351
60	100	4659617
60	75	4659549
60	50	4659219
60	25	4660257
60	10000	4660291
60	9750	4660283
60	9500	4660290
60	9250	4660288
60	9000	4660299
60	8750	4660303
60	8500	4660288
60	8250	4660308
60	8000	4660287
60	7750	4660304
60	7500	4660306
60	7250	4660320
60	7000	4660344
60	6750	4660327
60	6500	4660344
60	6250	4660377
60	6000	4660401
60	5750	4660393
60	5500	4660392
60	5250	4660394
60	5000	4660374
60	4750	4660366
60	4500	4660342
60	4250	4660330
60	4000	4660350
60	3750	4660376
60	3500	4660314
60	3250	4660354
60	3000	4660306
60	2750	4660317
60	2500	4660341
60	2250	4660338
60	2000	4660302
60	1750	4660231
60	1500	4660041
60	1250	4660132
60	1000	4660105
60	750	4660361
60	500	4660249
60	250	4660365
60	100	4661025
60	75	4660887
60	50	4660990
60	25	4661114
50	10000	4661483
50	9750	4661484
50	9500	4661486
50	9250	4661489
50	9000	4661491
50	8750	4661487
50	8500	4661482
50	8250	4661479
50	8000	4661484
50	7750	4661471
50	7500	4661467
50	7250	4661465
50	7000	4661457
50	6750	4661452
50	6500	4661454
50	6250	4661449
50	6000	4661465
50	5750	4661472
50	5500	4661485
50	5250	4661499
50	5000	4661488
50	4750	4661482
50	4500	4661484
50	4250	4661490
50	4000	4661475
50	3750	4661496
50	3500	4661503
50	3250	4661501
50	3000	4661500
50	2750	4661522
50	2500	4661540
50	2250	4661539
50	2000	4661551
50	1750	4661527
50	1500	4661542
50	1250	4661544
50	1000	4661550
50	750	4661531
50	500	4661555
50	250	4661660
50	100	4661783
50	75	4661469
50	50	4661978
50	25	4661865
50	10000	4661480
50	9750	4661476
50	9500	4661480
50	9250	4661475
50	9000	4661480
50	8750	4661479
50	8500	4661484
50	8250	4661483
50	8000	4661479
50	7750	4661488
50	7500	4661499
50	7250	4661503
50	7000	4661512
50	6750	4661523
50	6500	4661516
50	6250	4661510
50	6000	4661500
50	5750	4661510
50	5500	4661508
50	5250	4661511
50	5000	4661510
50	4750	4661525
50	4500	4661533
50	4250	4661525
50	4000	4661524
50	3750	4661504
50	3500	4661531
50	3250	4661540
50	3000	4661543
50	2750	4661538
50	2500	4661563
50	2250	4661558
50	2000	4661587
50	1750	4661602
50	1500	4661599
50	1250	4661594
50	1000	4661636
50	750	4661582
50	500	4661477
50	250	4661593
50	100	4661709
50	75	4661819
50	50	4662155
50	25	4663762
50	10000	4661472
50	9750	4661471
50	9500	4661473
50	9250	4661478
50	9000	4661483
50	8750	4661479
50	8500	4661474
50	8250	4661464
50	8000	4661462
50	7750	4661455
50	7500	4661452
50	7250	4661451
50	7000	4661446
50	6750	4661456
50	6500	4661464
50	6250	4661464
50	6000	4661467
50	5750	4661469
50	5500	4661484
50	5250	4661487
50	5000	4661482
50	4750	4661479
50	4500	4661495
50	4250	4661470
50	4000	4661447
50	3750	4661464
50	3500	4661456
50	3250	4661442
50	3000	4661429
50	2750	4661428
50	2500	4661435
50	2250	4661471
50	2000	4661473
50	1750	4661464
50	1500	4661485
50	1250	4661513
50	1000	4661450
50	750	4661450
50	500	4661451
50	250	4661384
50	100	4661059
50	75	4660560
50	50	4660755
50	25	4659783
50	10000	4661474
50	9750	4661476
50	9500	4661486
50	9250	4661492
50	9000	4661496
50	8750	4661483
50	8500	4661481
50	8250	4661491
50	8000	4661489
50	7750	4661497
50	7500	4661502
50	7250	4661488
50	7000	4661475
50	6750	4661473
50	6500	4661474
50	6250	4661481
50	6000	4661482
50	5750	4661491
50	5500	4661489
50	5250	4661497
50	5000	4661497
50	4750	4661497
50	4500	4661482
50	4250	4661468
50	4000	4661472
50	3750	4661482
50	3500	4661449
50	3250	4661453
50	3000	4661463
50	2750	4661451
50	2500	4661419
50	2250	4661385
50	2000	4661376
50	1750	4661396
50	1500	4661427
50	1250	4661435
50	1000	4661403
50	750	4661431
50	500	4661515
50	250	4661660
50	100	4661588
50	75	4661995
50	50	4662032
50	25	4661661
50	10000	4661476
50	9750	4661481
50	9500	4661493
50	9250	4661499
50	9000	4661495
50	8750	4661488
50	8500	4661487
50	8250	4661486
50	8000	4661489
50	7750	4661490
50	7500	4661491
50	7250	4661486
50	7000	4661473
50	6750	4661463
50	6500	4661469
50	6250	4661470
50	6000	4661478
50	5750	4661472
50	5500	4661479
50	5250	4661485
50	5000	4661467
50	4750	4661462
50	4500	4661464
50	4250	4661460
50	4000	4661471
50	3750	4661461
50	3500	4661451
50	3250	4661447
50	3000	4661444
50	2750	4661473
50	2500	4661481
50	2250	4661500
50	2000	4661488
50	1750	4661475
50	1500	4661418
50	1250	4661398
50	1000	4661336
50	750	4661369
50	500	4661245
50	250	4660893
50	100	4660970
50	75	4660572
50	50	4661031
50	25	4658338
50	10000	4661480
50	9750	4661476
50	9500	4661485
50	9250	4661481
50	9000	4661483
50	8750	4661481
50	8500	4661477
50	8250	4661480
50	8000	4661485
50	7750	4661475
50	7500	4661481
50	7250	4661482
50	7000	4661480
50	6750	4661472
50	6500	4661469
50	6250	4661478
50	6000	4661487
50	5750	4661483
50	5500	4661469
50	5250	4661472
50	5000	4661471
50	4750	4661464
50	4500	4661472
50	4250	4661472
50	4000	4661486
50	3750	4661476
50	3500	4661462
50	3250	4661470
50	3000	4661459
50	2750	4661473
50	2500	4661450
50	2250	4661452
50	2000	4661497
50	1750	4661468
50	1500	4661399
50	1250	4661414
50	1000	4661434
50	750	4661474
50	500	4661557
50	250	4661593
50	100	4661201
50	75	4661282
50	50	4662037
50	25	4661282
50	10000	4661473
50	9750	4661474
50	9500	4661469
50	9250	4661479
50	9000	4661475
50	8750	4661471
50	8500	4661473
50	8250	4661473
50	8000	4661478
50	7750	4661478
50	7500	4661483
50	7250	4661476
50	7000	4661474
50	6750	4661480
50	6500	4661480
50	6250	4661490
50	6000	4661503
50	5750	4661516
50	5500	4661509
50	5250	4661498
50	5000	4661499
50	4750	4661514
50	4500	4661500
50	4250	4661499
50	4000	4661543
50	3750	4661517
50	3500	4661551
50	3250	4661535
50	3000	4661535
50	2750	4661559
50	2500	4661561
50	2250	4661554
50	2000	4661554
50	1750	4661553
50	1500	4661512
50	1250	4661531
50	1000	4661501
50	750	4661530
50	500	4661471
50	250	4661539
50	100	4661762
50	75	4661686
50	50	4661727
50	25	4661563
50	10000	4661473
50	9750	4661473
50	9500	4661469
50	9250	4661472
50	9000	4661476
50	8750	4661474
50	8500	4661475
50	8250	4661472
50	8000	4661474
50	7750	4661478
50	7500	4661487
50	7250	4661485
50	7000	4661499
50	6750	4661499
50	6500	4661502
50	6250	4661506
50	6000	4661497
50	5750	4661510
50	5500	4661507
50	5250	4661531
50	5000	4661522
50	4750	4661523
50	4500	4661537
50	4250	4661532
50	4000	4661539
50	3750	4661531
50	3500	4661529
50	3250	4661538
50	3000	4661556
50	2750	4661552
50	2500	4661561
50	2250	4661602
50	2000	4661600
50	1750	4661593
50	1500	4661587
50	1250	4661555
50	1000	4661614
50	750	4661601
50	500	4661656
50	250	4661676
50	100	4661547
50	75	4661506
50	50	4661638
50	25	4661919
50	10000	4661483
50	9750	4661493
50	9500	4661499
50	9250	4661492
50	9000	4661485
50	8750	4661497
50	8500	4661478
50	8250	4661478
50	8000	4661474
50	7750	4661473
50	7500	4661471
50	7250	4661474
50	7000	4661467
50	6750	4661456
50	6500	4661455
50	6250	4661449
50	6000	4661445
50	5750	4661457
50	5500	4661449
50	5250	4661461
50	5000	4661453
50	4750	4661443
50	4500	4661442
50	4250	4661441
50	4000	4661442
50	3750	4661446
50	3500	4661454
50	3250	4661465
50	3000	4661447
50	2750	4661431
50	2500	4661435
50	2250	4661410
50	2000	4661369
50	1750	4661390
50	1500	4661347
50	1250	4661341
50	1000	4661317
50	750	4661305
50	500	4661249
50	250	4661029
50	100	4660955
50	75	4661078
50	50	4661335
50	25	4661277
50	10000	4661483
50	9750	4661480
50	9500	4661483
50	9250	4661482
50	9000	4661486
50	8750	4661487
50	8500	4661476
50	8250	4661489
50	8000	4661480
50	7750	4661488
50	7500	4661488
50	7250	4661497
50	7000	4661508
50	6750	4661504
50	6500	4661508
50	6250	4661512
50	6000	4661522
50	5750	4661520
50	5500	4661520
50	5250	4661526
50	5000	4661517
50	4750	4661507
50	4500	4661501
50	4250	4661495
50	4000	4661506
50	3750	4661515
50	3500	4661489
50	3250	4661507
50	3000	4661485
50	2750	4661481
50	2500	4661489
50	2250	4661481
50	2000	4661472
50	1750	4661455
50	1500	4661407
50	1250	4661423
50	1000	4661414
50	750	4661508
50	500	4661499
50	250	4661522
50	100	4661951
50	75	4661824
50	50	4661927
50	25	4661801
99	10000	4332751
99	9750	4331728
99	9500	4336905
99	9250	4334463
99	9000	4338788
99	8750	4341231
99	8500	4342207
99	8250	4347591
99	8000	4353094
99	7750	4353309
99	7500	4353592
99	7250	4350640
99	7000	4353332
99	6750	4352053
99	6500	4349958
99	6250	4357360
99	6000	4362400
99	5750	4369577
99	5500	4368626
99	5250	4364119
99	5000	4367429
99	4750	4363011
99	4500	4366786
99	4250	4366589
99	4000	4365164
99	3750	4362533
99	3500	4367763
99	3250	4370321
99	3000	4379671
99	2750	4375165
99	2500	4372567
99	2250	4369796
99	2000	4367548
99	1750	4372350
99	1500	4366221
99	1250	4351272
99	1000	4362988
99	750	4344925
99	500	4387246
99	250	4382774
99	100	4458930
99	75	4144459
99	50	4279572
99	25	4357252
99	10000	4330004
99	9750	4329928
99	9500	4333043
99	9250	4331489
99	9000	4333580
99	8750	4330314
99	8500	4331938
99	8250	4328627
99	8000	4328048
99	7750	4326597
99	7500	4324416
99	7250	4320760
99	7000	4322403
99	6750	4319469
99	6500	4323729
99	6250	4325505
99	6000	4329679
99	5750	4326921
99	5500	4327004
99	5250	4334657
99	5000	4333538
99	4750	4332933
99	4500	4338873
99	4250	4343551
99	4000	4368788
99	3750	4364668
99	3500	4392207
99	3250	4365387
99	3000	4332824
99	2750	4331377
99	2500	4369402
99	2250	4340393
99	2000	4412915
99	1750	4362170
99	1500	4384604
99	1250	4397094
99	1000	4429359
99	750	4400771
99	500	4400691
99	250	4369460
99	100	4460826
99	75	4145685
99	50	4174752
99	25	4236327
99	10000	4333814
99	9750	4333962
99	9500	4336616
99	9250	4335548
99	9000	4335800
99	8750	4331392
99	8500	4337142
99	8250	4333950
99	8000	4336408
99	7750	4332644
99	7500	4332558
99	7250	4333892
99	7000	4336318
99	6750	4336391
99	6500	4336937
99	6250	4334666
99	6000	4339586
99	5750	4334994
99	5500	4335857
99	5250	4331574
99	5000	4331199
99	4750	4325565
99	4500	4325766
99	4250	4327712
99	4000	4335575
99	3750	4328545
99	3500	4327607
99	3250	4320635
99	3000	4324919
99	2750	4320058
99	2500	4325142
99	2250	4317212
99	2000	4312977
99	1750	4312849
99	1500	4307307
99	1250	4284307
99	1000	4269094
99	750	4237805
99	500	4296854
99	250	4187572
99	100	4302954
99	75	3980417
99	50	4204972
99	25	4365025
99	10000	4332116
99	9750	4328378
99	9500	4328421
99	9250	4327823
99	9000	4329847
99	8750	4329976
99	8500	4332730
99	8250	4331377
99	8000	4337865
99	7750	4335149
99	7500	4341759
99	7250	4341358
99	7000	4347295
99	6750	4344710
99	6500	4357792
99	6250	4387877
99	6000	4369311
99	5750	4403784
99	5500	4384634
99	5250	4360085
99	5000	4349849
99	4750	4351978
99	4500	4430697
99	4250	4426562
99	4000	4429947
99	3750	4436131
99	3500	4442792
99	3250	4438254
99	3000	4450117
99	2750	4441647
99	2500	4435977
99	2250	4411947
99	2000	4423395
99	1750	4356940
99	1500	4359816
99	1250	4353681
99	1000	4438153
99	750	4353355
99	500	4357862
99	250	4403268
99	100	4426300
99	75	4297123
99	50	4366125
99	25	4419793
99	10000	4331885
99	9750	4328396
99	9500	4331508
99	9250	4327904
99	9000	4330521
99	8750	4329285
99	8500	4334822
99	8250	4329347
99	8000	4331826
99	7750	4333542
99	7500	4336101
99	7250	4332562
99	7000	4334030
99	6750	4330862
99	6500	4336418
99	6250	4340045
99	6000	4348865
99	5750	4352939
99	5500	4372397
99	5250	4371192
99	5000	4394630
99	4750	4365473
99	4500	4365480
99	4250	4325951
99	4000	4321657
99	3750	4320535
99	3500	4322464
99	3250	4330375
99	3000	4318530
99	2750	4317119
99	2500	4319138
99	2250	4315973
99	2000	4347281
99	1750	4317920
99	1500	4383438
99	1250	4386218
99	1000	4371983
99	750	4352784
99	500	4437653
99	250	4303499
99	100	4297049
99	75	3947789
99	50	4305856
99	25	4352179
99	10000	4330439
99	9750	4330710
99	9500	4331053
99	9250	4331392
99	9000	4330251
99	8750	4329612
99	8500	4333314
99	8250	4332048
99	8000	4333977
99	7750	4331635
99	7500	4333900
99	7250	4335243
99	7000	4336164
99	6750	4336919
99	6500	4338582
99	6250	4339148
99	6000	4342768
99	5750	4343082
99	5500	4348556
99	5250	4356651
99	5000	4367809
99	4750	4386992
99	4500	4374666
99	4250	4397296
99	4000	4364800
99	3750	4362397
99	3500	4378805
99	3250	4351629
99	3000	4362229
99	2750	4363092
99	2500	4386998
99	2250	4361547
99	2000	4367773
99	1750	4353241
99	1500	4351974
99	1250	4344259
99	1000	4366566
99	750	4354968
99	500	4476478
99	250	4282197
99	100	4449582
99	75	4004887
99	50	4019063
99	25	4047683
99	10000	4330872
99	9750	4334266
99	9500	4333431
99	9250	4333491
99	9000	4335224
99	8750	4332860
99	8500	4335484
99	8250	4331718
99	8000	4340072
99	7750	4338747
99	7500	4340348
99	7250	4337325
99	7000	4344897
99	6750	4339211
99	6500	4335677
99	6250	4335268
99	6000	4340823
99	5750	4338885
99	5500	4340852
99	5250	4336529
99	5000	4338390
99	4750	4335464
99	4500	4338669
99	4250	4335033
99	4000	4329236
99	3750	4325322
99	3500	4331149
99	3250	4329019
99	3000	4330833
99	2750	4328078
99	2500	4332210
99	2250	4329334
99	2000	4328031
99	1750	4324529
99	1500	4330732
99	1250	4332948
99	1000	4335636
99	750	4330642
99	500	4400955
99	250	4322524
99	100	4371791
99	75	4121494
99	50	4356905
99	25	4560169
99	10000	4329939
99	9750	4331413
99	9500	4338780
99	9250	4337247
99	9000	4341307
99	8750	4340509
99	8500	4341851
99	8250	4340346
99	8000	4342382
99	7750	4339942
99	7500	4338615
99	7250	4337637
99	7000	4334407
99	6750	4332514
99	6500	4331911
99	6250	4330039
99	6000	4334017
99	5750	4330445
99	5500	4333313
99	5250	4330241
99	5000	4331261
99	4750	4328877
99	4500	4331445
99	4250	4331793
99	4000	4338724
99	3750	4333701
99	3500	4334021
99	3250	4331109
99	3000	4331732
99	2750	4338604
99	2500	4334108
99	2250	4329588
99	2000	4351474
99	1750	4339196
99	1500	4422646
99	1250	4449618
99	1000	4460332
99	750	4431888
99	500	4437861
99	250	4322983
99	100	4496202
99	75	4133353
99	50	4422932
99	25	4591212
99	10000	4328667
99	9750	4330603
99	9500	4331372
99	9250	4334855
99	9000	4337831
99	8750	4337114
99	8500	4339641
99	8250	4341249
99	8000	4345605
99	7750	4339663
99	7500	4343694
99	7250	4340762
99	7000	4343013
99	6750	4344211
99	6500	4355468
99	6250	4355391
99	6000	4356376
99	5750	4351315
99	5500	4350529
99	5250	4344975
99	5000	4347763
99	4750	4345636
99	4500	4351085
99	4250	4350508
99	4000	4364440
99	3750	4371759
99	3500	4369490
99	3250	4371404
99	3000	4383742
99	2750	4359403
99	2500	4363189
99	2250	4336201
99	2000	4343917
99	1750	4339551
99	1500	4347822
99	1250	4337537
99	1000	4336292
99	750	4411106
99	500	4408419
99	250	4394642
99	100	4513030
99	75	4350263
99	50	4434343
99	25	4492091
99	10000	4333368
99	9750	4332032
99	9500	4330351
99	9250	4330177
99	9000	4332061
99	8750	4335544
99	8500	4337057
99	8250	4336898
99	8000	4339456
99	7750	4338492
99	7500	4339231
99	7250	4336149
99	7000	4341527
99	6750	4341116
99	6500	4344130
99	6250	4339146
99	6000	4341234
99	5750	4338651
99	5500	4335979
99	5250	4337900
99	5000	4334296
99	4750	4333813
99	4500	4335787
99	4250	4330763
99	4000	4328469
99	3750	4324265
99	3500	4333593
99	3250	4325113
99	3000	4321203
99	2750	4321744
99	2500	4342803
99	2250	4314922
99	2000	4328385
99	1750	4304593
99	1500	4326093
99	1250	4280126
99	1000	4292381
99	750	4286215
99	500	4305923
99	250	4376202
99	100	4433000
99	75	4188334
99	50	4207780
99	25	4465608
98	10000	4537568
98	9750	4537175
98	9500	4537361
98	9250	4536690
98	9000	4536895
98	8750	4539206
98	8500	4539767
98	8250	4541107
98	8000	4542091
98	7750	4542710
98	7500	4543319
98	7250	4543413
98	7000	4542544
98	6750	4544019
98	6500	4543173
98	6250	4546804
98	6000	4547024
98	5750	4549365
98	5500	4549640
98	5250	4549773
98	5000	4548373
98	4750	4547570
98	4500	4547051
98	4250	4548032
98	4000	4547742
98	3750	4548752
98	3500	4551498
98	3250	4552977
98	3000	4555743
98	2750	4553535
98	2500	4551235
98	2250	4548674
98	2000	4545462
98	1750	4548411
98	1500	4549634
98	1250	4547795
98	1000	4548643
98	750	4545949
98	500	4562937
98	250	4580585
98	100	4591280
98	75	4471022
98	50	4584544
98	25	4357252
98	10000	4536112
98	9750	4536129
98	9500	4536137
98	9250	4535709
98	9000	4535722
98	8750	4536204
98	8500	4535698
98	8250	4535303
98	8000	4535520
98	7750	4534679
98	7500	4533255
98	7250	4532539
98	7000	4532181
98	6750	4531985
98	6500	4532117
98	6250	4531985
98	6000	4533272
98	5750	4532966
98	5500	4532194
98	5250	4535415
98	5000	4534664
98	4750	4535315
98	4500	4533521
98	4250	4532603
98	4000	4530430
98	3750	4529024
98	3500	4530411
98	3250	4530468
98	3000	4528873
98	2750	4532716
98	2500	4534787
98	2250	4534771
98	2000	4537269
98	1750	4537344
98	1500	4532742
98	1250	4533925
98	1000	4531622
98	750	4529310
98	500	4535797
98	250	4538191
98	100	4544628
98	75	4494968
98	50	4516852
98	25	4236327
98	10000	4537188
98	9750	4537258
98	9500	4536513
98	9250	4535874
98	9000	4535993
98	8750	4535101
98	8500	4536271
98	8250	4535629
98	8000	4536340
98	7750	4535549
98	7500	4534860
98	7250	4535269
98	7000	4536257
98	6750	4536649
98	6500	4535996
98	6250	4537478
98	6000	4537690
98	5750	4536719
98	5500	4536423
98	5250	4535388
98	5000	4533097
98	4750	4531336
98	4500	4531605
98	4250	4532555
98	4000	4534733
98	3750	4530857
98	3500	4529539
98	3250	4527455
98	3000	4525498
98	2750	4522657
98	2500	4523951
98	2250	4519223
98	2000	4515758
98	1750	4517222
98	1500	4511654
98	1250	4503843
98	1000	4494294
98	750	4483059
98	500	4466472
98	250	4450057
98	100	4489092
98	75	4335377
98	50	4552021
98	25	4365025
98	10000	4536528
98	9750	4536569
98	9500	4536313
98	9250	4536187
98	9000	4536462
98	8750	4537341
98	8500	4537846
98	8250	4537516
98	8000	4539480
98	7750	4540200
98	7500	4542190
98	7250	4542184
98	7000	4542437
98	6750	4541642
98	6500	4540844
98	6250	4542650
98	6000	4542494
98	5750	4542905
98	5500	4543156
98	5250	4543188
98	5000	4543253
98	4750	4545986
98	4500	4547069
98	4250	4546246
98	4000	4545857
98	3750	4544890
98	3500	4544327
98	3250	4546352
98	3000	4550347
98	2750	4550424
98	2500	4551350
98	2250	4549231
98	2000	4547898
98	1750	4544684
98	1500	4544293
98	1250	4542887
98	1000	4542436
98	750	4537493
98	500	4538846
98	250	4558474
98	100	4571839
98	75	4555685
98	50	4613396
98	25	4419793
98	10000	4535992
98	9750	4535403
98	9500	4535398
98	9250	4534694
98	9000	4534366
98	8750	4534916
98	8500	4536232
98	8250	4536018
98	8000	4535215
98	7750	4535049
98	7500	4535045
98	7250	4534645
98	7000	4533734
98	6750	4533786
98	6500	4534966
98	6250	4534728
98	6000	4534351
98	5750	4537703
98	5500	4538045
98	5250	4538008
98	5000	4536575
98	4750	4537092
98	4500	4536608
98	4250	4534650
98	4000	4536458
98	3750	4538264
98	3500	4536554
98	3250	4535987
98	3000	4534785
98	2750	4536722
98	2500	4535451
98	2250	4534698
98	2000	4534937
98	1750	4530184
98	1500	4525896
98	1250	4517767
98	1000	4504821
98	750	4510960
98	500	4557997
98	250	4552876
98	100	4504909
98	75	4439782
98	50	4541908
98	25	4352179
98	10000	4535709
98	9750	4536511
98	9500	4536072
98	9250	4536672
98	9000	4536023
98	8750	4536225
98	8500	4536812
98	8250	4536282
98	8000	4536635
98	7750	4536387
98	7500	4537151
98	7250	4538072
98	7000	4537292
98	6750	4538375
98	6500	4539213
98	6250	4540486
98	6000	4541567
98	5750	4542367
98	5500	4542413
98	5250	4547303
98	5000	4547524
98	4750	4547256
98	4500	4549008
98	4250	4550308
98	4000	4548296
98	3750	4548410
98	3500	4548450
98	3250	4545445
98	3000	4547334
98	2750	4551221
98	2500	4552252
98	2250	4553057
98	2000	4553247
98	1750	4552794
98	1500	4548701
98	1250	4551356
98	1000	4556179
98	750	4557604
98	500	4562641
98	250	4551401
98	100	4564415
98	75	4496942
98	50	4510560
98	25	4047683
98	10000	4537108
98	9750	4536111
98	9500	4535939
98	9250	4536499
98	9000	4536005
98	8750	4536135
98	8500	4536308
98	8250	4536854
98	8000	4537141
98	7750	4536026
98	7500	4536442
98	7250	4536873
98	7000	4538753
98	6750	4537588
98	6500	4536875
98	6250	4537052
98	6000	4536571
98	5750	4537261
98	5500	4538094
98	5250	4538755
98	5000	4538710
98	4750	4537504
98	4500	4536666
98	4250	4536314
98	4000	4533386
98	3750	4531502
98	3500	4532933
98	3250	4532877
98	3000	4530282
98	2750	4531554
98	2500	4529440
98	2250	4527462
98	2000	4525260
98	1750	4525730
98	1500	4526795
98	1250	4530317
98	1000	4524773
98	750	4514610
98	500	4515102
98	250	4500390
98	100	4506294
98	75	4414319
98	50	4593664
98	25	4560169
98	10000	4536677
98	9750	4537549
98	9500	4538873
98	9250	4538915
98	9000	4539171
98	8750	4540346
98	8500	4540724
98	8250	4540861
98	8000	4540934
98	7750	4539677
98	7500	4538472
98	7250	4538415
98	7000	4537344
98	6750	4537048
98	6500	4536530
98	6250	4536237
98	6000	4536948
98	5750	4536197
98	5500	4536998
98	5250	4536279
98	5000	4535516
98	4750	4534390
98	4500	4534867
98	4250	4535810
98	4000	4538233
98	3750	4536299
98	3500	4535793
98	3250	4536904
98	3000	4536106
98	2750	4538183
98	2500	4535915
98	2250	4536126
98	2000	4541068
98	1750	4540664
98	1500	4543730
98	1250	4545958
98	1000	4547087
98	750	4545398
98	500	4551560
98	250	4539742
98	100	4559173
98	75	4517493
98	50	4579304
98	25	4591212
98	10000	4536414
98	9750	4536627
98	9500	4536503
98	9250	4537601
98	9000	4538104
98	8750	4538428
98	8500	4539513
98	8250	4540293
98	8000	4540329
98	7750	4539158
98	7500	4540766
98	7250	4540377
98	7000	4539258
98	6750	4539630
98	6500	4541228
98	6250	4542340
98	6000	4542608
98	5750	4543151
98	5500	4541163
98	5250	4540315
98	5000	4540321
98	4750	4541076
98	4500	4542612
98	4250	4544413
98	4000	4547522
98	3750	4548096
98	3500	4546160
98	3250	4545233
98	3000	4545898
98	2750	4544012
98	2500	4543329
98	2250	4539999
98	2000	4539236
98	1750	4540731
98	1500	4540556
98	1250	4540261
98	1000	4534187
98	750	4534794
98	500	4521588
98	250	4518470
98	100	4569927
98	75	4559004
98	50	4573989
98	25	4492091
98	10000	4536361
98	9750	4536180
98	9500	4535459
98	9250	4536100
98	9000	4535616
98	8750	4537147
98	8500	4535887
98	8250	4535648
98	8000	4536038
98	7750	4536131
98	7500	4535848
98	7250	4535003
98	7000	4535922
98	6750	4535829
98	6500	4536780
98	6250	4535397
98	6000	4535365
98	5750	4535238
98	5500	4533256
98	5250	4534288
98	5000	4532765
98	4750	4535264
98	4500	4535522
98	4250	4534552
98	4000	4532573
98	3750	4531683
98	3500	4534859
98	3250	4532648
98	3000	4529420
98	2750	4532697
98	2500	4529830
98	2250	4527892
98	2000	4528293
98	1750	4521525
98	1500	4518301
98	1250	4506000
98	1000	4508003
98	750	4512106
98	500	4513557
98	250	4520342
98	100	4515497
98	75	4446999
98	50	4461125
98	25	4465608
97	10000	4580949
97	9750	4580757
97	9500	4580876
97	9250	4580398
97	9000	4580445
97	8750	4581281
97	8500	4581805
97	8250	4582036
97	8000	4582442
97	7750	4582512
97	7500	4583077
97	7250	4583029
97	7000	4582595
97	6750	4583039
97	6500	4582832
97	6250	4584109
97	6000	4584034
97	5750	4584631
97	5500	4585121
97	5250	4584923
97	5000	4584273
97	4750	4584296
97	4500	4584019
97	4250	4584728
97	4000	4584921
97	3750	4586128
97	3500	4587110
97	3250	4588054
97	3000	4587777
97	2750	4587040
97	2500	4587519
97	2250	4585992
97	2000	4586059
97	1750	4584641
97	1500	4585540
97	1250	4586375
97	1000	4587864
97	750	4585654
97	500	4592903
97	250	4601867
97	100	4617638
97	75	4600391
97	50	4584544
97	25	4357252
97	10000	4580325
97	9750	4580270
97	9500	4580239
97	9250	4579839
97	9000	4580013
97	8750	4579896
97	8500	4579856
97	8250	4579679
97	8000	4580091
97	7750	4579627
97	7500	4579046
97	7250	4578679
97	7000	4578485
97	6750	4578245
97	6500	4578339
97	6250	4578002
97	6000	4579030
97	5750	4578580
97	5500	4578366
97	5250	4579416
97	5000	4579405
97	4750	4579420
97	4500	4578916
97	4250	4578128
97	4000	4577306
97	3750	4576138
97	3500	4577109
97	3250	4576473
97	3000	4575505
97	2750	4576569
97	2500	4577647
97	2250	4577034
97	2000	4579175
97	1750	4577915
97	1500	4575376
97	1250	4575816
97	1000	4578394
97	750	4575114
97	500	4576720
97	250	4571131
97	100	4584333
97	75	4568740
97	50	4516852
97	25	4236327
97	10000	4580585
97	9750	4580522
97	9500	4580193
97	9250	4579668
97	9000	4579532
97	8750	4579201
97	8500	4579896
97	8250	4579326
97	8000	4579608
97	7750	4578949
97	7500	4578918
97	7250	4579176
97	7000	4579623
97	6750	4579672
97	6500	4579292
97	6250	4579722
97	6000	4579822
97	5750	4579397
97	5500	4579340
97	5250	4578189
97	5000	4576989
97	4750	4576358
97	4500	4577136
97	4250	4577302
97	4000	4578000
97	3750	4575517
97	3500	4575431
97	3250	4573442
97	3000	4572674
97	2750	4571204
97	2500	4572532
97	2250	4570025
97	2000	4567752
97	1750	4565430
97	1500	4562648
97	1250	4559988
97	1000	4561729
97	750	4553614
97	500	4530570
97	250	4512171
97	100	4543965
97	75	4505718
97	50	4552021
97	25	4365025
97	10000	4580338
97	9750	4580126
97	9500	4580218
97	9250	4579801
97	9000	4580070
97	8750	4580638
97	8500	4580687
97	8250	4580553
97	8000	4581614
97	7750	4581789
97	7500	4582673
97	7250	4582316
97	7000	4582575
97	6750	4582521
97	6500	4582397
97	6250	4582870
97	6000	4583075
97	5750	4582884
97	5500	4582887
97	5250	4582774
97	5000	4582964
97	4750	4583652
97	4500	4584673
97	4250	4583626
97	4000	4583983
97	3750	4583506
97	3500	4583426
97	3250	4583528
97	3000	4585608
97	2750	4584623
97	2500	4584264
97	2250	4584426
97	2000	4584259
97	1750	4584058
97	1500	4584979
97	1250	4583245
97	1000	4582690
97	750	4577703
97	500	4578424
97	250	4595740
97	100	4598596
97	75	4614054
97	50	4613396
97	25	4419793
97	10000	4580155
97	9750	4579885
97	9500	4579755
97	9250	4579630
97	9000	4579599
97	8750	4579608
97	8500	4579896
97	8250	4579866
97	8000	4579567
97	7750	4579585
97	7500	4580032
97	7250	4579835
97	7000	4579598
97	6750	4579292
97	6500	4579905
97	6250	4579494
97	6000	4579301
97	5750	4580653
97	5500	4580949
97	5250	4580881
97	5000	4580572
97	4750	4580511
97	4500	4580301
97	4250	4579251
97	4000	4580188
97	3750	4580695
97	3500	4580262
97	3250	4580129
97	3000	4579878
97	2750	4580338
97	2500	4580138
97	2250	4578888
97	2000	4579117
97	1750	4575664
97	1500	4575213
97	1250	4570710
97	1000	4565261
97	750	4569531
97	500	4587998
97	250	4589583
97	100	4569436
97	75	4567961
97	50	4541908
97	25	4352179
97	10000	4580146
97	9750	4580314
97	9500	4580232
97	9250	4580251
97	9000	4580126
97	8750	4580099
97	8500	4580375
97	8250	4579830
97	8000	4580453
97	7750	4580100
97	7500	4580208
97	7250	4580175
97	7000	4579780
97	6750	4579972
97	6500	4580406
97	6250	4580877
97	6000	4581449
97	5750	4582006
97	5500	4582267
97	5250	4583154
97	5000	4583721
97	4750	4583871
97	4500	4584672
97	4250	4584268
97	4000	4583528
97	3750	4582880
97	3500	4583152
97	3250	4581801
97	3000	4582849
97	2750	4582423
97	2500	4582754
97	2250	4582906
97	2000	4583612
97	1750	4582089
97	1500	4580822
97	1250	4581883
97	1000	4586022
97	750	4584931
97	500	4589786
97	250	4583050
97	100	4596334
97	75	4587483
97	50	4510560
97	25	4047683
97	10000	4580801
97	9750	4580047
97	9500	4580042
97	9250	4580098
97	9000	4580259
97	8750	4580043
97	8500	4580270
97	8250	4580520
97	8000	4580923
97	7750	4580061
97	7500	4580304
97	7250	4580038
97	7000	4580835
97	6750	4579889
97	6500	4579585
97	6250	4579330
97	6000	4579885
97	5750	4579873
97	5500	4580320
97	5250	4580171
97	5000	4580842
97	4750	4579594
97	4500	4579071
97	4250	4578327
97	4000	4577837
97	3750	4575415
97	3500	4576454
97	3250	4576307
97	3000	4575102
97	2750	4575776
97	2500	4574775
97	2250	4572857
97	2000	4572479
97	1750	4571405
97	1500	4572135
97	1250	4569149
97	1000	4567670
97	750	4558928
97	500	4573455
97	250	4555228
97	100	4574703
97	75	4539630
97	50	4593664
97	25	4560169
97	10000	4580530
97	9750	4580717
97	9500	4581135
97	9250	4581171
97	9000	4581250
97	8750	4581709
97	8500	4582175
97	8250	4582380
97	8000	4582495
97	7750	4581700
97	7500	4581359
97	7250	4580922
97	7000	4580591
97	6750	4580061
97	6500	4580146
97	6250	4579871
97	6000	4580017
97	5750	4579400
97	5500	4579630
97	5250	4579391
97	5000	4579678
97	4750	4579394
97	4500	4579680
97	4250	4579999
97	4000	4581502
97	3750	4579831
97	3500	4579469
97	3250	4579577
97	3000	4580716
97	2750	4580723
97	2500	4577052
97	2250	4577686
97	2000	4580680
97	1750	4581826
97	1500	4584049
97	1250	4582757
97	1000	4584564
97	750	4581136
97	500	4588530
97	250	4572132
97	100	4588858
97	75	4572310
97	50	4579304
97	25	4591212
97	10000	4580085
97	9750	4580057
97	9500	4580417
97	9250	4580728
97	9000	4580979
97	8750	4580764
97	8500	4581420
97	8250	4581312
97	8000	4581617
97	7750	4581115
97	7500	4582419
97	7250	4582010
97	7000	4581640
97	6750	4581335
97	6500	4581951
97	6250	4582216
97	6000	4582446
97	5750	4582813
97	5500	4581789
97	5250	4581291
97	5000	4581599
97	4750	4581379
97	4500	4582240
97	4250	4583117
97	4000	4584870
97	3750	4584977
97	3500	4584744
97	3250	4584450
97	3000	4584909
97	2750	4583281
97	2500	4583618
97	2250	4581741
97	2000	4580694
97	1750	4581755
97	1500	4580895
97	1250	4580004
97	1000	4575759
97	750	4572431
97	500	4567774
97	250	4558032
97	100	4591279
97	75	4605350
97	50	4573989
97	25	4492091
97	10000	4580269
97	9750	4580039
97	9500	4579970
97	9250	4580038
97	9000	4580106
97	8750	4580556
97	8500	4580154
97	8250	4579861
97	8000	4580170
97	7750	4579980
97	7500	4579677
97	7250	4578928
97	7000	4579356
97	6750	4579242
97	6500	4579966
97	6250	4578938
97	6000	4579026
97	5750	4579090
97	5500	4578666
97	5250	4578867
97	5000	4577958
97	4750	4578837
97	4500	4579395
97	4250	4578450
97	4000	4577518
97	3750	4576821
97	3500	4579158
97	3250	4577494
97	3000	4576985
97	2750	4577178
97	2500	4575814
97	2250	4573839
97	2000	4574410
97	1750	4570499
97	1500	4569517
97	1250	4560076
97	1000	4562796
97	750	4565076
97	500	4565943
97	250	4555650
97	100	4554883
97	75	4538136
97	50	4461125
97	25	4465608
96	10000	4607857
96	9750	4606972
96	9500	4606563
96	9250	4605408
96	9000	4605763
96	8750	4607153
96	8500	4608273
96	8250	4613164
96	8000	4614482
96	7750	4615823
96	7500	4616648
96	7250	4616465
96	7000	4616052
96	6750	4618737
96	6500	4619828
96	6250	4619900
96	6000	4619541
96	5750	4623879
96	5500	4624630
96	5250	4625192
96	5000	4624001
96	4750	4622973
96	4500	4621858
96	4250	4622753
96	4000	4620772
96	3750	4618325
96	3500	4620295
96	3250	4622603
96	3000	4624591
96	2750	4623989
96	2500	4620368
96	2250	4614939
96	2000	4613761
96	1750	4616240
96	1500	4611930
96	1250	4625370
96	1000	4615895
96	750	4607313
96	500	4615599
96	250	4636921
96	100	4626277
96	75	4623837
96	50	4626177
96	25	4616987
96	10000	4613344
96	9750	4614315
96	9500	4613815
96	9250	4614070
96	9000	4614297
96	8750	4615441
96	8500	4615033
96	8250	4614645
96	8000	4613998
96	7750	4613837
96	7500	4613062
96	7250	4612305
96	7000	4609444
96	6750	4606112
96	6500	4605317
96	6250	4604570
96	6000	4609822
96	5750	4612588
96	5500	4610262
96	5250	4612492
96	5000	4608760
96	4750	4607746
96	4500	4608357
96	4250	4613712
96	4000	4608259
96	3750	4610619
96	3500	4609785
96	3250	4609988
96	3000	4605288
96	2750	4607295
96	2500	4610063
96	2250	4609011
96	2000	4610402
96	1750	4612761
96	1500	4611328
96	1250	4602739
96	1000	4604178
96	750	4609613
96	500	4615513
96	250	4594035
96	100	4613786
96	75	4601987
96	50	4609309
96	25	4576655
96	10000	4613927
96	9750	4614766
96	9500	4609531
96	9250	4608607
96	9000	4609686
96	8750	4608243
96	8500	4609514
96	8250	4609205
96	8000	4610175
96	7750	4608895
96	7500	4607781
96	7250	4609150
96	7000	4608612
96	6750	4608717
96	6500	4609193
96	6250	4615855
96	6000	4615136
96	5750	4611780
96	5500	4609531
96	5250	4609770
96	5000	4607045
96	4750	4606214
96	4500	4610392
96	4250	4610513
96	4000	4618052
96	3750	4605916
96	3500	4603644
96	3250	4610998
96	3000	4601690
96	2750	4602069
96	2500	4603175
96	2250	4602347
96	2000	4600514
96	1750	4601857
96	1500	4599096
96	1250	4596699
96	1000	4596269
96	750	4592955
96	500	4582786
96	250	4576772
96	100	4583995
96	75	4567881
96	50	4601768
96	25	4573734
96	10000	4612790
96	9750	4613659
96	9500	4612210
96	9250	4613051
96	9000	4614795
96	8750	4614593
96	8500	4614759
96	8250	4615363
96	8000	4616572
96	7750	4616420
96	7500	4617904
96	7250	4617519
96	7000	4617737
96	6750	4616397
96	6500	4619018
96	6250	4618831
96	6000	4612833
96	5750	4613808
96	5500	4614527
96	5250	4613262
96	5000	4611243
96	4750	4613169
96	4500	4615437
96	4250	4615239
96	4000	4615460
96	3750	4621885
96	3500	4621500
96	3250	4620783
96	3000	4622644
96	2750	4622175
96	2500	4623055
96	2250	4624056
96	2000	4624098
96	1750	4624573
96	1500	4619119
96	1250	4611735
96	1000	4622491
96	750	4618124
96	500	4611246
96	250	4623502
96	100	4623461
96	75	4629002
96	50	4635210
96	25	4630122
96	10000	4611271
96	9750	4608005
96	9500	4612828
96	9250	4610256
96	9000	4606464
96	8750	4606407
96	8500	4607721
96	8250	4606319
96	8000	4607717
96	7750	4610244
96	7500	4607520
96	7250	4610645
96	7000	4613131
96	6750	4614521
96	6500	4616144
96	6250	4617567
96	6000	4619804
96	5750	4621949
96	5500	4620758
96	5250	4620948
96	5000	4619963
96	4750	4620925
96	4500	4620860
96	4250	4615802
96	4000	4615746
96	3750	4616426
96	3500	4614080
96	3250	4619217
96	3000	4618498
96	2750	4618976
96	2500	4613770
96	2250	4610879
96	2000	4611197
96	1750	4604997
96	1500	4607202
96	1250	4602239
96	1000	4597603
96	750	4607704
96	500	4623222
96	250	4623598
96	100	4599513
96	75	4597644
96	50	4618814
96	25	4601830
96	10000	4608850
96	9750	4611159
96	9500	4607240
96	9250	4606621
96	9000	4606525
96	8750	4606813
96	8500	4606122
96	8250	4605269
96	8000	4606070
96	7750	4605295
96	7500	4605055
96	7250	4606407
96	7000	4605450
96	6750	4605779
96	6500	4607405
96	6250	4608805
96	6000	4607260
96	5750	4609547
96	5500	4610523
96	5250	4616152
96	5000	4614083
96	4750	4618714
96	4500	4617091
96	4250	4620895
96	4000	4619111
96	3750	4618269
96	3500	4619304
96	3250	4618290
96	3000	4619292
96	2750	4623130
96	2500	4624600
96	2250	4618316
96	2000	4624547
96	1750	4614746
96	1500	4610591
96	1250	4600703
96	1000	4601306
96	750	4604296
96	500	4619352
96	250	4602942
96	100	4611237
96	75	4607777
96	50	4601440
96	25	4578207
96	10000	4607598
96	9750	4606531
96	9500	4606329
96	9250	4607934
96	9000	4607394
96	8750	4611204
96	8500	4613774
96	8250	4611497
96	8000	4607270
96	7750	4605923
96	7500	4607170
96	7250	4606776
96	7000	4606989
96	6750	4605016
96	6500	4604960
96	6250	4605155
96	6000	4605367
96	5750	4606625
96	5500	4608594
96	5250	4608632
96	5000	4610042
96	4750	4610154
96	4500	4612485
96	4250	4611037
96	4000	4605836
96	3750	4607949
96	3500	4605452
96	3250	4604588
96	3000	4602622
96	2750	4603520
96	2500	4603312
96	2250	4602622
96	2000	4601182
96	1750	4601641
96	1500	4600165
96	1250	4600735
96	1000	4598697
96	750	4593687
96	500	4596807
96	250	4589903
96	100	4609327
96	75	4587122
96	50	4628408
96	25	4636475
96	10000	4606760
96	9750	4607912
96	9500	4608182
96	9250	4607673
96	9000	4607610
96	8750	4607754
96	8500	4607067
96	8250	4607870
96	8000	4606893
96	7750	4606356
96	7500	4605257
96	7250	4605664
96	7000	4605141
96	6750	4605261
96	6500	4605031
96	6250	4604849
96	6000	4604646
96	5750	4604336
96	5500	4604492
96	5250	4604666
96	5000	4604287
96	4750	4604246
96	4500	4604754
96	4250	4605193
96	4000	4605023
96	3750	4604456
96	3500	4604407
96	3250	4604392
96	3000	4600651
96	2750	4600523
96	2500	4596275
96	2250	4596930
96	2000	4604992
96	1750	4606519
96	1500	4609143
96	1250	4616137
96	1000	4613460
96	750	4607826
96	500	4604181
96	250	4593318
96	100	4601091
96	75	4620114
96	50	4627309
96	25	4633335
96	10000	4614668
96	9750	4613930
96	9500	4612809
96	9250	4612756
96	9000	4611014
96	8750	4614260
96	8500	4615945
96	8250	4618149
96	8000	4618619
96	7750	4616620
96	7500	4617465
96	7250	4616989
96	7000	4618499
96	6750	4617622
96	6500	4619823
96	6250	4619132
96	6000	4619736
96	5750	4619273
96	5500	4618131
96	5250	4617799
96	5000	4618520
96	4750	4619217
96	4500	4619810
96	4250	4618475
96	4000	4617162
96	3750	4620815
96	3500	4620225
96	3250	4618096
96	3000	4612260
96	2750	4608086
96	2500	4609378
96	2250	4606482
96	2000	4605707
96	1750	4606752
96	1500	4605253
96	1250	4605604
96	1000	4602826
96	750	4601309
96	500	4606232
96	250	4598040
96	100	4604404
96	75	4620117
96	50	4617851
96	25	4624059
96	10000	4607064
96	9750	4606499
96	9500	4606736
96	9250	4608484
96	9000	4610628
96	8750	4611873
96	8500	4608138
96	8250	4610716
96	8000	4613472
96	7750	4613640
96	7500	4613263
96	7250	4613360
96	7000	4614437
96	6750	4613818
96	6500	4614704
96	6250	4615220
96	6000	4614769
96	5750	4612381
96	5500	4606024
96	5250	4606226
96	5000	4605808
96	4750	4606247
96	4500	4606376
96	4250	4605380
96	4000	4605171
96	3750	4605471
96	3500	4606654
96	3250	4609183
96	3000	4604771
96	2750	4616921
96	2500	4615672
96	2250	4615617
96	2000	4618441
96	1750	4616479
96	1500	4614293
96	1250	4610305
96	1000	4603065
96	750	4616371
96	500	4616310
96	250	4615157
96	100	4588300
96	75	4600907
96	50	4566658
96	25	4596865