threshold	alignment_size	SNPs
90	10000	65364
90	9750	64497
90	9500	63598
90	9250	62726
90	9000	61930
90	8750	61127
90	8500	60161
90	8250	59365
90	8000	58601
90	7750	56973
90	7500	55508
90	7250	54469
90	7000	53411
90	6750	52201
90	6500	51360
90	6250	49960
90	6000	49031
90	5750	47858
90	5500	46324
90	5250	45270
90	5000	43724
90	4750	42397
90	4500	41213
90	4250	39777
90	4000	38624
90	3750	37453
90	3500	35996
90	3250	34544
90	3000	32874
90	2750	30957
90	2500	29313
90	2250	27700
90	2000	26013
90	1750	23921
90	1500	21604
90	1250	19695
90	1000	17379
90	750	14457
90	500	11403
90	250	6793
90	100	3693
90	75	3354
90	50	2512
90	25	1538
90	10000	65202
90	9750	64260
90	9500	62885
90	9250	62159
90	9000	61332
90	8750	60523
90	8500	59736
90	8250	58517
90	8000	57528
90	7750	56006
90	7500	54321
90	7250	53552
90	7000	52457
90	6750	51358
90	6500	50562
90	6250	49289
90	6000	48020
90	5750	46329
90	5500	45182
90	5250	43996
90	5000	42510
90	4750	41074
90	4500	39806
90	4250	38370
90	4000	37337
90	3750	36063
90	3500	34786
90	3250	33540
90	3000	31801
90	2750	30821
90	2500	29450
90	2250	27796
90	2000	26166
90	1750	24025
90	1500	22213
90	1250	19879
90	1000	17623
90	750	15062
90	500	12421
90	250	8533
90	100	5331
90	75	4522
90	50	3277
90	25	2698
90	10000	65240
90	9750	64526
90	9500	63951
90	9250	63059
90	9000	62089
90	8750	61324
90	8500	60475
90	8250	59638
90	8000	58191
90	7750	57165
90	7500	56238
90	7250	55439
90	7000	54436
90	6750	53350
90	6500	52098
90	6250	51069
90	6000	50149
90	5750	48866
90	5500	46793
90	5250	45562
90	5000	44502
90	4750	43186
90	4500	41959
90	4250	40729
90	4000	39457
90	3750	37983
90	3500	36175
90	3250	34837
90	3000	32977
90	2750	31314
90	2500	29502
90	2250	27776
90	2000	25768
90	1750	24217
90	1500	22314
90	1250	19929
90	1000	17418
90	750	15116
90	500	12146
90	250	8505
90	100	5131
90	75	4620
90	50	3270
90	25	2033
90	10000	65560
90	9750	64545
90	9500	63951
90	9250	62891
90	9000	62144
90	8750	61446
90	8500	59831
90	8250	58509
90	8000	57533
90	7750	56468
90	7500	55600
90	7250	54597
90	7000	53520
90	6750	52581
90	6500	51399
90	6250	50235
90	6000	48984
90	5750	47746
90	5500	46453
90	5250	45708
90	5000	44437
90	4750	43282
90	4500	41870
90	4250	40536
90	4000	39231
90	3750	37609
90	3500	36200
90	3250	34734
90	3000	33049
90	2750	31416
90	2500	29563
90	2250	27901
90	2000	25965
90	1750	24400
90	1500	22440
90	1250	18986
90	1000	16131
90	750	13736
90	500	10823
90	250	6980
90	100	4543
90	75	3957
90	50	2800
90	25	2149
90	10000	65100
90	9750	63533
90	9500	62697
90	9250	61703
90	9000	60696
90	8750	59686
90	8500	58829
90	8250	57927
90	8000	56592
90	7750	55463
90	7500	54145
90	7250	53192
90	7000	52254
90	6750	51166
90	6500	50155
90	6250	48726
90	6000	47508
90	5750	46118
90	5500	44974
90	5250	43732
90	5000	42590
90	4750	41348
90	4500	40283
90	4250	39152
90	4000	37779
90	3750	35664
90	3500	33758
90	3250	32326
90	3000	30752
90	2750	29639
90	2500	28093
90	2250	26272
90	2000	24717
90	1750	22757
90	1500	21146
90	1250	18769
90	1000	16332
90	750	13449
90	500	10167
90	250	7162
90	100	4661
90	75	4015
90	50	2840
90	25	1539
90	10000	64623
90	9750	63771
90	9500	62769
90	9250	61983
90	9000	61162
90	8750	60340
90	8500	59537
90	8250	58777
90	8000	57736
90	7750	56761
90	7500	56062
90	7250	55178
90	7000	54047
90	6750	52851
90	6500	51852
90	6250	50408
90	6000	49007
90	5750	48033
90	5500	46978
90	5250	45874
90	5000	44524
90	4750	43183
90	4500	41578
90	4250	40257
90	4000	38942
90	3750	37192
90	3500	35788
90	3250	33904
90	3000	32455
90	2750	30892
90	2500	28574
90	2250	26718
90	2000	25075
90	1750	23446
90	1500	22047
90	1250	19569
90	1000	17343
90	750	15018
90	500	11437
90	250	7807
90	100	4602
90	75	3851
90	50	3450
90	25	2404
90	10000	65073
90	9750	64214
90	9500	63411
90	9250	62352
90	9000	61672
90	8750	60491
90	8500	59578
90	8250	58806
90	8000	57566
90	7750	56700
90	7500	55638
90	7250	54572
90	7000	53354
90	6750	52548
90	6500	51375
90	6250	50171
90	6000	49095
90	5750	47661
90	5500	46355
90	5250	45264
90	5000	43968
90	4750	42776
90	4500	41362
90	4250	40062
90	4000	38990
90	3750	37482
90	3500	36086
90	3250	34200
90	3000	32725
90	2750	30793
90	2500	28634
90	2250	26907
90	2000	25379
90	1750	23369
90	1500	21123
90	1250	18905
90	1000	16356
90	750	13361
90	500	10512
90	250	6442
90	100	3572
90	75	2927
90	50	2489
90	25	1218
90	10000	65409
90	9750	64357
90	9500	63172
90	9250	62434
90	9000	61654
90	8750	60249
90	8500	59161
90	8250	58038
90	8000	57154
90	7750	55808
90	7500	54981
90	7250	54025
90	7000	52771
90	6750	51778
90	6500	50630
90	6250	49420
90	6000	48467
90	5750	47011
90	5500	45825
90	5250	44636
90	5000	43549
90	4750	41936
90	4500	40502
90	4250	39439
90	4000	38179
90	3750	36974
90	3500	35562
90	3250	34287
90	3000	32818
90	2750	31092
90	2500	29417
90	2250	27820
90	2000	26140
90	1750	24017
90	1500	21753
90	1250	19485
90	1000	17242
90	750	14388
90	500	12445
90	250	9566
90	100	5512
90	75	4236
90	50	2999
90	25	2294
90	10000	65357
90	9750	64505
90	9500	63343
90	9250	62575
90	9000	61899
90	8750	60749
90	8500	59777
90	8250	58841
90	8000	57384
90	7750	56463
90	7500	55444
90	7250	54439
90	7000	52938
90	6750	51805
90	6500	50811
90	6250	49847
90	6000	48935
90	5750	47680
90	5500	46491
90	5250	45526
90	5000	44481
90	4750	43058
90	4500	42063
90	4250	40827
90	4000	39051
90	3750	37220
90	3500	35565
90	3250	34450
90	3000	33282
90	2750	31834
90	2500	29754
90	2250	28218
90	2000	26239
90	1750	24549
90	1500	22662
90	1250	20812
90	1000	17943
90	750	15499
90	500	12908
90	250	7799
90	100	4669
90	75	3422
90	50	2785
90	25	1494
90	10000	64778
90	9750	63982
90	9500	62793
90	9250	61641
90	9000	60470
90	8750	59477
90	8500	58902
90	8250	57826
90	8000	56987
90	7750	56140
90	7500	55142
90	7250	54095
90	7000	52873
90	6750	51851
90	6500	50684
90	6250	49075
90	6000	48122
90	5750	46972
90	5500	45950
90	5250	44087
90	5000	42762
90	4750	41140
90	4500	39794
90	4250	38687
90	4000	37050
90	3750	35550
90	3500	34260
90	3250	32826
90	3000	31342
90	2750	29766
90	2500	28232
90	2250	26796
90	2000	25240
90	1750	23047
90	1500	21202
90	1250	19044
90	1000	16413
90	750	13675
90	500	11619
90	250	7615
90	100	4662
90	75	3637
90	50	3081
90	25	1441
100	10000	6342
100	9750	6430
100	9500	6541
100	9250	6702
100	9000	6906
100	8750	7104
100	8500	7351
100	8250	7613
100	8000	8129
100	7750	8216
100	7500	8304
100	7250	8448
100	7000	8686
100	6750	8846
100	6500	9005
100	6250	9379
100	6000	9594
100	5750	9676
100	5500	9691
100	5250	9660
100	5000	9557
100	4750	9542
100	4500	9616
100	4250	10035
100	4000	10063
100	3750	10057
100	3500	10127
100	3250	10372
100	3000	10407
100	2750	10326
100	2500	10064
100	2250	10058
100	2000	9851
100	1750	10082
100	1500	9521
100	1250	9110
100	1000	8632
100	750	7635
100	500	6979
100	250	5113
100	100	2934
100	75	2667
100	50	2238
100	25	1388
100	10000	6296
100	9750	6420
100	9500	6437
100	9250	6513
100	9000	6633
100	8750	6839
100	8500	7045
100	8250	7095
100	8000	7499
100	7750	7669
100	7500	7527
100	7250	7804
100	7000	7788
100	6750	7761
100	6500	7908
100	6250	8179
100	6000	8410
100	5750	8684
100	5500	9123
100	5250	9444
100	5000	9323
100	4750	9510
100	4500	9694
100	4250	9661
100	4000	9848
100	3750	9990
100	3500	10504
100	3250	10725
100	3000	10911
100	2750	11603
100	2500	11534
100	2250	11439
100	2000	11397
100	1750	10956
100	1500	10779
100	1250	10389
100	1000	9816
100	750	9020
100	500	7956
100	250	5863
100	100	4168
100	75	3743
100	50	2714
100	25	2288
100	10000	6536
100	9750	6651
100	9500	6728
100	9250	6918
100	9000	6952
100	8750	7062
100	8500	7242
100	8250	7240
100	8000	7281
100	7750	7316
100	7500	7389
100	7250	7481
100	7000	7606
100	6750	7619
100	6500	7583
100	6250	7780
100	6000	7873
100	5750	7929
100	5500	7875
100	5250	7965
100	5000	7994
100	4750	8157
100	4500	8242
100	4250	8251
100	4000	8287
100	3750	8200
100	3500	8104
100	3250	7904
100	3000	7886
100	2750	7851
100	2500	8593
100	2250	8743
100	2000	8634
100	1750	8721
100	1500	8850
100	1250	8618
100	1000	8183
100	750	7400
100	500	6426
100	250	4944
100	100	3401
100	75	3092
100	50	2300
100	25	1282
100	10000	6304
100	9750	6306
100	9500	6469
100	9250	6499
100	9000	6772
100	8750	6949
100	8500	7039
100	8250	7272
100	8000	7369
100	7750	7559
100	7500	7921
100	7250	8040
100	7000	8105
100	6750	8244
100	6500	8337
100	6250	8405
100	6000	9006
100	5750	9269
100	5500	9388
100	5250	9467
100	5000	9772
100	4750	9798
100	4500	9807
100	4250	9796
100	4000	9979
100	3750	10024
100	3500	10029
100	3250	10177
100	3000	10185
100	2750	10126
100	2500	9900
100	2250	9946
100	2000	9630
100	1750	9676
100	1500	9539
100	1250	8587
100	1000	8066
100	750	7440
100	500	6823
100	250	5287
100	100	3968
100	75	3480
100	50	2537
100	25	1988
100	10000	6365
100	9750	6352
100	9500	6516
100	9250	6540
100	9000	6620
100	8750	6696
100	8500	6830
100	8250	6924
100	8000	6998
100	7750	7024
100	7500	7399
100	7250	7543
100	7000	7735
100	6750	7829
100	6500	8042
100	6250	7923
100	6000	8041
100	5750	8315
100	5500	8356
100	5250	8792
100	5000	8778
100	4750	8893
100	4500	8936
100	4250	8925
100	4000	9121
100	3750	9144
100	3500	9386
100	3250	9455
100	3000	9261
100	2750	9832
100	2500	9714
100	2250	9430
100	2000	9439
100	1750	9619
100	1500	9663
100	1250	8786
100	1000	7892
100	750	7363
100	500	5925
100	250	4657
100	100	3354
100	75	3105
100	50	2432
100	25	1404
100	10000	6459
100	9750	6799
100	9500	6879
100	9250	7036
100	9000	7004
100	8750	7062
100	8500	7331
100	8250	7510
100	8000	7686
100	7750	7793
100	7500	8103
100	7250	8345
100	7000	8445
100	6750	8698
100	6500	9085
100	6250	9170
100	6000	9586
100	5750	9763
100	5500	9901
100	5250	10397
100	5000	10305
100	4750	10189
100	4500	10568
100	4250	10608
100	4000	10640
100	3750	10610
100	3500	10648
100	3250	10402
100	3000	10649
100	2750	10663
100	2500	10778
100	2250	10655
100	2000	10383
100	1750	10682
100	1500	10313
100	1250	10264
100	1000	9953
100	750	9194
100	500	7696
100	250	5550
100	100	3469
100	75	3047
100	50	2745
100	25	1991
100	10000	6432
100	9750	6551
100	9500	6616
100	9250	6709
100	9000	6749
100	8750	6746
100	8500	6813
100	8250	7175
100	8000	7317
100	7750	7401
100	7500	7473
100	7250	7562
100	7000	7850
100	6750	8140
100	6500	8344
100	6250	8511
100	6000	8544
100	5750	8723
100	5500	8896
100	5250	9494
100	5000	9510
100	4750	9592
100	4500	9486
100	4250	9443
100	4000	9451
100	3750	9437
100	3500	9583
100	3250	9460
100	3000	9788
100	2750	10275
100	2500	10048
100	2250	9780
100	2000	9553
100	1750	9496
100	1500	9083
100	1250	8784
100	1000	8068
100	750	6673
100	500	5787
100	250	4369
100	100	2795
100	75	2452
100	50	2233
100	25	1158
100	10000	6494
100	9750	6799
100	9500	6999
100	9250	7072
100	9000	7198
100	8750	7276
100	8500	7388
100	8250	7476
100	8000	7703
100	7750	7877
100	7500	7932
100	7250	7982
100	7000	7924
100	6750	8089
100	6500	8224
100	6250	8142
100	6000	8190
100	5750	8452
100	5500	8621
100	5250	8813
100	5000	9066
100	4750	9165
100	4500	9248
100	4250	9603
100	4000	9996
100	3750	9920
100	3500	10167
100	3250	10391
100	3000	10304
100	2750	10963
100	2500	10604
100	2250	10537
100	2000	10545
100	1750	10247
100	1500	10009
100	1250	9467
100	1000	8961
100	750	7846
100	500	7668
100	250	6436
100	100	4274
100	75	3460
100	50	2729
100	25	2215
100	10000	6560
100	9750	6676
100	9500	6717
100	9250	6784
100	9000	7082
100	8750	7280
100	8500	7418
100	8250	7597
100	8000	7745
100	7750	7878
100	7500	8082
100	7250	8178
100	7000	8338
100	6750	8351
100	6500	8576
100	6250	8679
100	6000	8773
100	5750	8813
100	5500	8973
100	5250	9064
100	5000	9217
100	4750	9514
100	4500	9743
100	4250	9898
100	4000	10443
100	3750	10428
100	3500	10583
100	3250	10510
100	3000	10681
100	2750	10425
100	2500	10504
100	2250	10473
100	2000	10399
100	1750	10319
100	1500	10178
100	1250	10101
100	1000	9027
100	750	8430
100	500	7663
100	250	5332
100	100	3880
100	75	3038
100	50	2532
100	25	1405
100	10000	6363
100	9750	6440
100	9500	6506
100	9250	6552
100	9000	6701
100	8750	6761
100	8500	6999
100	8250	7082
100	8000	7217
100	7750	7372
100	7500	7362
100	7250	7417
100	7000	7589
100	6750	7750
100	6500	8246
100	6250	8301
100	6000	8513
100	5750	8695
100	5500	8846
100	5250	8736
100	5000	8843
100	4750	9256
100	4500	9182
100	4250	9198
100	4000	8967
100	3750	9009
100	3500	9124
100	3250	9030
100	3000	8886
100	2750	8773
100	2500	8628
100	2250	8595
100	2000	8780
100	1750	8353
100	1500	8585
100	1250	8221
100	1000	7545
100	750	7390
100	500	6807
100	250	5080
100	100	3907
100	75	3057
100	50	2584
100	25	1356
95	10000	64907
95	9750	64051
95	9500	63157
95	9250	62283
95	9000	61496
95	8750	60709
95	8500	59750
95	8250	58957
95	8000	58199
95	7750	56579
95	7500	55137
95	7250	54101
95	7000	53035
95	6750	51844
95	6500	51008
95	6250	49616
95	6000	48694
95	5750	47530
95	5500	46009
95	5250	44952
95	5000	43414
95	4750	42092
95	4500	40917
95	4250	39488
95	4000	38338
95	3750	37172
95	3500	35739
95	3250	34296
95	3000	32641
95	2750	30698
95	2500	29057
95	2250	27453
95	2000	25764
95	1750	23684
95	1500	21379
95	1250	19480
95	1000	17180
95	750	14257
95	500	11237
95	250	6736
95	100	3661
95	75	3315
95	50	2483
95	25	1511
95	10000	64745
95	9750	63803
95	9500	62429
95	9250	61707
95	9000	60883
95	8750	60074
95	8500	59291
95	8250	58076
95	8000	57097
95	7750	55572
95	7500	53880
95	7250	53111
95	7000	52021
95	6750	50920
95	6500	50133
95	6250	48862
95	6000	47609
95	5750	45936
95	5500	44797
95	5250	43632
95	5000	42160
95	4750	40720
95	4500	39450
95	4250	38013
95	4000	36984
95	3750	35733
95	3500	34467
95	3250	33209
95	3000	31467
95	2750	30507
95	2500	29174
95	2250	27513
95	2000	25917
95	1750	23792
95	1500	21990
95	1250	19661
95	1000	17426
95	750	14884
95	500	12238
95	250	8419
95	100	5265
95	75	4435
95	50	3194
95	25	2644
95	10000	64787
95	9750	64076
95	9500	63501
95	9250	62615
95	9000	61652
95	8750	60883
95	8500	60045
95	8250	59207
95	8000	57769
95	7750	56744
95	7500	55823
95	7250	55033
95	7000	54035
95	6750	52946
95	6500	51710
95	6250	50691
95	6000	49770
95	5750	48483
95	5500	46428
95	5250	45197
95	5000	44135
95	4750	42828
95	4500	41610
95	4250	40385
95	4000	39127
95	3750	37645
95	3500	35863
95	3250	34527
95	3000	32684
95	2750	31018
95	2500	29224
95	2250	27494
95	2000	25492
95	1750	23960
95	1500	22053
95	1250	19688
95	1000	17094
95	750	14837
95	500	11907
95	250	8245
95	100	5017
95	75	4480
95	50	3182
95	25	1949
95	10000	65096
95	9750	64080
95	9500	63494
95	9250	62434
95	9000	61692
95	8750	61003
95	8500	59400
95	8250	58085
95	8000	57125
95	7750	56059
95	7500	55195
95	7250	54199
95	7000	53127
95	6750	52189
95	6500	51007
95	6250	49848
95	6000	48606
95	5750	47357
95	5500	46094
95	5250	45343
95	5000	44075
95	4750	42940
95	4500	41524
95	4250	40205
95	4000	38907
95	3750	37295
95	3500	35898
95	3250	34441
95	3000	32788
95	2750	31150
95	2500	29291
95	2250	27655
95	2000	25724
95	1750	24152
95	1500	22191
95	1250	18761
95	1000	15932
95	750	13540
95	500	10613
95	250	6798
95	100	4491
95	75	3922
95	50	2776
95	25	2129
95	10000	64637
95	9750	63075
95	9500	62235
95	9250	61243
95	9000	60238
95	8750	59236
95	8500	58387
95	8250	57500
95	8000	56166
95	7750	55054
95	7500	53742
95	7250	52789
95	7000	51862
95	6750	50779
95	6500	49780
95	6250	48355
95	6000	47144
95	5750	45764
95	5500	44622
95	5250	43394
95	5000	42254
95	4750	41035
95	4500	39975
95	4250	38837
95	4000	37476
95	3750	35376
95	3500	33482
95	3250	32054
95	3000	30497
95	2750	29393
95	2500	27862
95	2250	26049
95	2000	24512
95	1750	22547
95	1500	20954
95	1250	18564
95	1000	16103
95	750	13273
95	500	10055
95	250	7102
95	100	4603
95	75	3934
95	50	2801
95	25	1513
95	10000	64157
95	9750	63309
95	9500	62315
95	9250	61536
95	9000	60716
95	8750	59895
95	8500	59100
95	8250	58338
95	8000	57301
95	7750	56330
95	7500	55644
95	7250	54759
95	7000	53626
95	6750	52458
95	6500	51467
95	6250	50037
95	6000	48645
95	5750	47672
95	5500	46627
95	5250	45531
95	5000	44184
95	4750	42845
95	4500	41252
95	4250	39934
95	4000	38630
95	3750	36876
95	3500	35478
95	3250	33587
95	3000	32154
95	2750	30610
95	2500	28312
95	2250	26480
95	2000	24856
95	1750	23218
95	1500	21824
95	1250	19370
95	1000	17109
95	750	14794
95	500	11259
95	250	7607
95	100	4552
95	75	3768
95	50	3378
95	25	2336
95	10000	64608
95	9750	63745
95	9500	62948
95	9250	61889
95	9000	61215
95	8750	60039
95	8500	59148
95	8250	58381
95	8000	57148
95	7750	56266
95	7500	55211
95	7250	54151
95	7000	52944
95	6750	52132
95	6500	50956
95	6250	49758
95	6000	48686
95	5750	47261
95	5500	45972
95	5250	44884
95	5000	43599
95	4750	42416
95	4500	41008
95	4250	39704
95	4000	38625
95	3750	37117
95	3500	35730
95	3250	33847
95	3000	32369
95	2750	30446
95	2500	28293
95	2250	26588
95	2000	25074
95	1750	23063
95	1500	20823
95	1250	18637
95	1000	16103
95	750	13103
95	500	10287
95	250	6348
95	100	3527
95	75	2852
95	50	2441
95	25	1202
95	10000	64954
95	9750	63905
95	9500	62732
95	9250	61990
95	9000	61217
95	8750	59824
95	8500	58739
95	8250	57626
95	8000	56746
95	7750	55396
95	7500	54577
95	7250	53620
95	7000	52373
95	6750	51386
95	6500	50235
95	6250	49014
95	6000	48056
95	5750	46611
95	5500	45421
95	5250	44222
95	5000	43142
95	4750	41547
95	4500	40127
95	4250	39069
95	4000	37817
95	3750	36607
95	3500	35216
95	3250	33938
95	3000	32476
95	2750	30758
95	2500	29086
95	2250	27498
95	2000	25839
95	1750	23732
95	1500	21497
95	1250	19286
95	1000	17039
95	750	14180
95	500	12221
95	250	9293
95	100	5355
95	75	4076
95	50	2951
95	25	2273
95	10000	64898
95	9750	64054
95	9500	62902
95	9250	62142
95	9000	61473
95	8750	60328
95	8500	59364
95	8250	58434
95	8000	56986
95	7750	56063
95	7500	55058
95	7250	54054
95	7000	52562
95	6750	51440
95	6500	50457
95	6250	49497
95	6000	48592
95	5750	47353
95	5500	46158
95	5250	45193
95	5000	44141
95	4750	42728
95	4500	41744
95	4250	40514
95	4000	38752
95	3750	36930
95	3500	35283
95	3250	34172
95	3000	33029
95	2750	31576
95	2500	29505
95	2250	27952
95	2000	25987
95	1750	24277
95	1500	22390
95	1250	20549
95	1000	17671
95	750	15339
95	500	12753
95	250	7678
95	100	4596
95	75	3365
95	50	2736
95	25	1468
95	10000	64323
95	9750	63528
95	9500	62333
95	9250	61188
95	9000	60021
95	8750	59033
95	8500	58457
95	8250	57387
95	8000	56546
95	7750	55694
95	7500	54689
95	7250	53635
95	7000	52431
95	6750	51409
95	6500	50256
95	6250	48647
95	6000	47703
95	5750	46572
95	5500	45552
95	5250	43682
95	5000	42371
95	4750	40765
95	4500	39428
95	4250	38312
95	4000	36676
95	3750	35181
95	3500	33941
95	3250	32499
95	3000	31022
95	2750	29451
95	2500	27909
95	2250	26470
95	2000	24927
95	1750	22737
95	1500	20909
95	1250	18744
95	1000	16140
95	750	13430
95	500	11409
95	250	7432
95	100	4599
95	75	3553
95	50	2969
95	25	1401
80	10000	65492
80	9750	64625
80	9500	63723
80	9250	62851
80	9000	62053
80	8750	61247
80	8500	60280
80	8250	59484
80	8000	58716
80	7750	57086
80	7500	55618
80	7250	54573
80	7000	53515
80	6750	52306
80	6500	51463
80	6250	50062
80	6000	49129
80	5750	47955
80	5500	46416
80	5250	45361
80	5000	43814
80	4750	42488
80	4500	41300
80	4250	39859
80	4000	38706
80	3750	37534
80	3500	36073
80	3250	34620
80	3000	32949
80	2750	31032
80	2500	29384
80	2250	27769
80	2000	26080
80	1750	23983
80	1500	21668
80	1250	19755
80	1000	17439
80	750	14508
80	500	11441
80	250	6814
80	100	3711
80	75	3374
80	50	2524
80	25	1550
80	10000	65330
80	9750	64387
80	9500	63012
80	9250	62283
80	9000	61452
80	8750	60641
80	8500	59854
80	8250	58635
80	8000	57644
80	7750	56122
80	7500	54433
80	7250	53663
80	7000	52568
80	6750	51466
80	6500	50667
80	6250	49392
80	6000	48122
80	5750	46429
80	5500	45280
80	5250	44093
80	5000	42607
80	4750	41169
80	4500	39899
80	4250	38459
80	4000	37427
80	3750	36153
80	3500	34874
80	3250	33627
80	3000	31887
80	2750	30904
80	2500	29529
80	2250	27873
80	2000	26235
80	1750	24093
80	1500	22282
80	1250	19935
80	1000	17677
80	750	15113
80	500	12473
80	250	8574
80	100	5356
80	75	4548
80	50	3295
80	25	2721
80	10000	65367
80	9750	64652
80	9500	64077
80	9250	63184
80	9000	62212
80	8750	61447
80	8500	60597
80	8250	59761
80	8000	58311
80	7750	57284
80	7500	56353
80	7250	55552
80	7000	54549
80	6750	53464
80	6500	52208
80	6250	51178
80	6000	50258
80	5750	48971
80	5500	46894
80	5250	45662
80	5000	44596
80	4750	43281
80	4500	42052
80	4250	40821
80	4000	39545
80	3750	38069
80	3500	36258
80	3250	34920
80	3000	33057
80	2750	31393
80	2500	29580
80	2250	27850
80	2000	25842
80	1750	24287
80	1500	22379
80	1250	19992
80	1000	17479
80	750	15173
80	500	12200
80	250	8546
80	100	5157
80	75	4657
80	50	3294
80	25	2071
80	10000	65687
80	9750	64670
80	9500	64076
80	9250	63013
80	9000	62265
80	8750	61566
80	8500	59947
80	8250	58623
80	8000	57645
80	7750	56580
80	7500	55712
80	7250	54706
80	7000	53627
80	6750	52686
80	6500	51502
80	6250	50337
80	6000	49085
80	5750	47848
80	5500	46552
80	5250	45805
80	5000	44531
80	4750	43375
80	4500	41962
80	4250	40626
80	4000	39320
80	3750	37697
80	3500	36284
80	3250	34813
80	3000	33127
80	2750	31494
80	2500	29639
80	2250	27972
80	2000	26032
80	1750	24462
80	1500	22499
80	1250	19040
80	1000	16174
80	750	13778
80	500	10858
80	250	7010
80	100	4563
80	75	3974
80	50	2816
80	25	2161
80	10000	65226
80	9750	63656
80	9500	62817
80	9250	61823
80	9000	60816
80	8750	59803
80	8500	58946
80	8250	58044
80	8000	56708
80	7750	55577
80	7500	54257
80	7250	53301
80	7000	52363
80	6750	51272
80	6500	50263
80	6250	48831
80	6000	47613
80	5750	46221
80	5500	45077
80	5250	43835
80	5000	42692
80	4750	41450
80	4500	40383
80	4250	39247
80	4000	37869
80	3750	35752
80	3500	33843
80	3250	32411
80	3000	30830
80	2750	29717
80	2500	28171
80	2250	26346
80	2000	24788
80	1750	22824
80	1500	21203
80	1250	18824
80	1000	16385
80	750	13497
80	500	10205
80	250	7192
80	100	4688
80	75	4042
80	50	2853
80	25	1565
80	10000	64749
80	9750	63896
80	9500	62891
80	9250	62104
80	9000	61283
80	8750	60458
80	8500	59654
80	8250	58893
80	8000	57851
80	7750	56877
80	7500	56175
80	7250	55289
80	7000	54157
80	6750	52956
80	6500	51955
80	6250	50511
80	6000	49109
80	5750	48132
80	5500	47076
80	5250	45969
80	5000	44619
80	4750	43277
80	4500	41671
80	4250	40347
80	4000	39031
80	3750	37279
80	3500	35870
80	3250	33987
80	3000	32535
80	2750	30971
80	2500	28650
80	2250	26787
80	2000	25141
80	1750	23511
80	1500	22108
80	1250	19629
80	1000	17401
80	750	15068
80	500	11477
80	250	7846
80	100	4633
80	75	3883
80	50	3464
80	25	2423
80	10000	65198
80	9750	64341
80	9500	63537
80	9250	62474
80	9000	61793
80	8750	60609
80	8500	59695
80	8250	58924
80	8000	57682
80	7750	56818
80	7500	55755
80	7250	54690
80	7000	53472
80	6750	52663
80	6500	51490
80	6250	50280
80	6000	49200
80	5750	47762
80	5500	46456
80	5250	45364
80	5000	44064
80	4750	42872
80	4500	41453
80	4250	40153
80	4000	39084
80	3750	37573
80	3500	36174
80	3250	34284
80	3000	32809
80	2750	30879
80	2500	28716
80	2250	26989
80	2000	25458
80	1750	23444
80	1500	21191
80	1250	18967
80	1000	16414
80	750	13422
80	500	10562
80	250	6482
80	100	3598
80	75	2954
80	50	2507
80	25	1255
80	10000	65535
80	9750	64482
80	9500	63296
80	9250	62555
80	9000	61776
80	8750	60369
80	8500	59279
80	8250	58153
80	8000	57267
80	7750	55920
80	7500	55093
80	7250	54136
80	7000	52880
80	6750	51887
80	6500	50739
80	6250	49527
80	6000	48571
80	5750	47114
80	5500	45921
80	5250	44730
80	5000	43643
80	4750	42026
80	4500	40592
80	4250	39526
80	4000	38265
80	3750	37062
80	3500	35644
80	3250	34363
80	3000	32893
80	2750	31165
80	2500	29488
80	2250	27891
80	2000	26206
80	1750	24079
80	1500	21813
80	1250	19535
80	1000	17293
80	750	14436
80	500	12490
80	250	9600
80	100	5540
80	75	4262
80	50	3015
80	25	2305
80	10000	65481
80	9750	64629
80	9500	63464
80	9250	62694
80	9000	62017
80	8750	60866
80	8500	59893
80	8250	58957
80	8000	57497
80	7750	56575
80	7500	55553
80	7250	54546
80	7000	53044
80	6750	51908
80	6500	50914
80	6250	49949
80	6000	49037
80	5750	47780
80	5500	46590
80	5250	45626
80	5000	44577
80	4750	43154
80	4500	42157
80	4250	40919
80	4000	39143
80	3750	37306
80	3500	35650
80	3250	34535
80	3000	33364
80	2750	31914
80	2500	29830
80	2250	28292
80	2000	26310
80	1750	24617
80	1500	22726
80	1250	20873
80	1000	17995
80	750	15550
80	500	12948
80	250	7826
80	100	4690
80	75	3434
80	50	2810
80	25	1510
80	10000	64905
80	9750	64106
80	9500	62916
80	9250	61764
80	9000	60591
80	8750	59595
80	8500	59020
80	8250	57941
80	8000	57101
80	7750	56254
80	7500	55253
80	7250	54206
80	7000	52978
80	6750	51957
80	6500	50787
80	6250	49174
80	6000	48220
80	5750	47068
80	5500	46048
80	5250	44180
80	5000	42852
80	4750	41230
80	4500	39882
80	4250	38774
80	4000	37138
80	3750	35637
80	3500	34341
80	3250	32905
80	3000	31422
80	2750	29836
80	2500	28303
80	2250	26865
80	2000	25308
80	1750	23115
80	1500	21266
80	1250	19104
80	1000	16473
80	750	13724
80	500	11665
80	250	7646
80	100	4685
80	75	3656
80	50	3096
80	25	1452
70	10000	65552
70	9750	64685
70	9500	63783
70	9250	62911
70	9000	62113
70	8750	61307
70	8500	60340
70	8250	59544
70	8000	58776
70	7750	57145
70	7500	55677
70	7250	54632
70	7000	53574
70	6750	52365
70	6500	51520
70	6250	50116
70	6000	49181
70	5750	48007
70	5500	46467
70	5250	45412
70	5000	43865
70	4750	42538
70	4500	41349
70	4250	39906
70	4000	38753
70	3750	37581
70	3500	36121
70	3250	34666
70	3000	32995
70	2750	31077
70	2500	29429
70	2250	27812
70	2000	26122
70	1750	24025
70	1500	21700
70	1250	19783
70	1000	17467
70	750	14536
70	500	11461
70	250	6827
70	100	3722
70	75	3384
70	50	2533
70	25	1553
70	10000	65389
70	9750	64446
70	9500	63071
70	9250	62342
70	9000	61510
70	8750	60698
70	8500	59910
70	8250	58691
70	8000	57700
70	7750	56177
70	7500	54488
70	7250	53717
70	7000	52621
70	6750	51519
70	6500	50718
70	6250	49443
70	6000	48172
70	5750	46479
70	5500	45330
70	5250	44142
70	5000	42656
70	4750	41218
70	4500	39947
70	4250	38505
70	4000	37473
70	3750	36198
70	3500	34919
70	3250	33672
70	3000	31933
70	2750	30950
70	2500	29574
70	2250	27919
70	2000	26281
70	1750	24139
70	1500	22329
70	1250	19977
70	1000	17715
70	750	15151
70	500	12498
70	250	8601
70	100	5384
70	75	4578
70	50	3324
70	25	2748
70	10000	65426
70	9750	64710
70	9500	64136
70	9250	63243
70	9000	62269
70	8750	61502
70	8500	60650
70	8250	59814
70	8000	58364
70	7750	57337
70	7500	56406
70	7250	55604
70	7000	54601
70	6750	53515
70	6500	52260
70	6250	51229
70	6000	50309
70	5750	49022
70	5500	46944
70	5250	45711
70	5000	44645
70	4750	43330
70	4500	42100
70	4250	40868
70	4000	39589
70	3750	38115
70	3500	36297
70	3250	34953
70	3000	33094
70	2750	31429
70	2500	29613
70	2250	27875
70	2000	25867
70	1750	24313
70	1500	22405
70	1250	20017
70	1000	17498
70	750	15188
70	500	12216
70	250	8560
70	100	5177
70	75	4674
70	50	3317
70	25	2088
70	10000	65745
70	9750	64729
70	9500	64135
70	9250	63072
70	9000	62323
70	8750	61624
70	8500	60003
70	8250	58678
70	8000	57698
70	7750	56633
70	7500	55765
70	7250	54759
70	7000	53680
70	6750	52739
70	6500	51555
70	6250	50389
70	6000	49136
70	5750	47897
70	5500	46601
70	5250	45854
70	5000	44580
70	4750	43424
70	4500	42011
70	4250	40673
70	4000	39366
70	3750	37743
70	3500	36329
70	3250	34858
70	3000	33168
70	2750	31536
70	2500	29681
70	2250	28014
70	2000	26075
70	1750	24504
70	1500	22538
70	1250	19076
70	1000	16206
70	750	13810
70	500	10886
70	250	7021
70	100	4570
70	75	4000
70	50	2835
70	25	2168
70	10000	65287
70	9750	63716
70	9500	62877
70	9250	61882
70	9000	60875
70	8750	59863
70	8500	59006
70	8250	58103
70	8000	56766
70	7750	55636
70	7500	54314
70	7250	53358
70	7000	52419
70	6750	51325
70	6500	50316
70	6250	48884
70	6000	47666
70	5750	46274
70	5500	45125
70	5250	43882
70	5000	42740
70	4750	41497
70	4500	40431
70	4250	39292
70	4000	37912
70	3750	35794
70	3500	33882
70	3250	32450
70	3000	30866
70	2750	29752
70	2500	28204
70	2250	26378
70	2000	24815
70	1750	22852
70	1500	21232
70	1250	18855
70	1000	16415
70	750	13517
70	500	10223
70	250	7210
70	100	4699
70	75	4052
70	50	2863
70	25	1571
70	10000	64809
70	9750	63956
70	9500	62951
70	9250	62163
70	9000	61341
70	8750	60514
70	8500	59710
70	8250	58949
70	8000	57907
70	7750	56933
70	7500	56230
70	7250	55344
70	7000	54212
70	6750	53011
70	6500	52009
70	6250	50564
70	6000	49161
70	5750	48183
70	5500	47127
70	5250	46019
70	5000	44669
70	4750	43328
70	4500	41721
70	4250	40393
70	4000	39075
70	3750	37324
70	3500	35913
70	3250	34027
70	3000	32575
70	2750	31008
70	2500	28684
70	2250	26818
70	2000	25168
70	1750	23534
70	1500	22130
70	1250	19649
70	1000	17418
70	750	15086
70	500	11492
70	250	7866
70	100	4642
70	75	3902
70	50	3493
70	25	2450
70	10000	65258
70	9750	64399
70	9500	63595
70	9250	62532
70	9000	61852
70	8750	60668
70	8500	59754
70	8250	58981
70	8000	57739
70	7750	56873
70	7500	55812
70	7250	54747
70	7000	53528
70	6750	52719
70	6500	51546
70	6250	50334
70	6000	49254
70	5750	47816
70	5500	46508
70	5250	45416
70	5000	44116
70	4750	42924
70	4500	41505
70	4250	40202
70	4000	39127
70	3750	37617
70	3500	36212
70	3250	34318
70	3000	32841
70	2750	30914
70	2500	28747
70	2250	27015
70	2000	25484
70	1750	23470
70	1500	21219
70	1250	18997
70	1000	16446
70	750	13457
70	500	10597
70	250	6511
70	100	3620
70	75	2977
70	50	2536
70	25	1262
70	10000	65595
70	9750	64540
70	9500	63353
70	9250	62613
70	9000	61833
70	8750	60426
70	8500	59336
70	8250	58210
70	8000	57323
70	7750	55976
70	7500	55149
70	7250	54191
70	7000	52934
70	6750	51940
70	6500	50792
70	6250	49578
70	6000	48622
70	5750	47165
70	5500	45972
70	5250	44778
70	5000	43691
70	4750	42074
70	4500	40637
70	4250	39570
70	4000	38307
70	3750	37110
70	3500	35691
70	3250	34405
70	3000	32935
70	2750	31202
70	2500	29522
70	2250	27923
70	2000	26236
70	1750	24109
70	1500	21843
70	1250	19566
70	1000	17325
70	750	14464
70	500	12522
70	250	9634
70	100	5561
70	75	4273
70	50	3022
70	25	2313
70	10000	65541
70	9750	64686
70	9500	63521
70	9250	62750
70	9000	62073
70	8750	60922
70	8500	59950
70	8250	59012
70	8000	57552
70	7750	56630
70	7500	55607
70	7250	54600
70	7000	53099
70	6750	51961
70	6500	50967
70	6250	50004
70	6000	49091
70	5750	47834
70	5500	46643
70	5250	45679
70	5000	44630
70	4750	43208
70	4500	42210
70	4250	40972
70	4000	39196
70	3750	37358
70	3500	35702
70	3250	34585
70	3000	33413
70	2750	31962
70	2500	29878
70	2250	28338
70	2000	26357
70	1750	24661
70	1500	22767
70	1250	20912
70	1000	18037
70	750	15593
70	500	12990
70	250	7867
70	100	4726
70	75	3463
70	50	2823
70	25	1527
70	10000	64966
70	9750	64166
70	9500	62976
70	9250	61824
70	9000	60651
70	8750	59655
70	8500	59079
70	8250	57999
70	8000	57159
70	7750	56312
70	7500	55310
70	7250	54263
70	7000	53033
70	6750	52011
70	6500	50840
70	6250	49227
70	6000	48273
70	5750	47121
70	5500	46100
70	5250	44232
70	5000	42905
70	4750	41283
70	4500	39935
70	4250	38826
70	4000	37189
70	3750	35686
70	3500	34388
70	3250	32953
70	3000	31466
70	2750	29881
70	2500	28348
70	2250	26909
70	2000	25351
70	1750	23156
70	1500	21298
70	1250	19134
70	1000	16502
70	750	13739
70	500	11678
70	250	7658
70	100	4699
70	75	3665
70	50	3110
70	25	1463
60	10000	65615
60	9750	64748
60	9500	63846
60	9250	62973
60	9000	62174
60	8750	61368
60	8500	60399
60	8250	59603
60	8000	58835
60	7750	57205
60	7500	55736
60	7250	54690
60	7000	53632
60	6750	52422
60	6500	51576
60	6250	50171
60	6000	49237
60	5750	48063
60	5500	46523
60	5250	45469
60	5000	43922
60	4750	42594
60	4500	41406
60	4250	39961
60	4000	38808
60	3750	37636
60	3500	36175
60	3250	34721
60	3000	33048
60	2750	31126
60	2500	29479
60	2250	27863
60	2000	26169
60	1750	24074
60	1500	21750
60	1250	19835
60	1000	17518
60	750	14581
60	500	11501
60	250	6865
60	100	3752
60	75	3412
60	50	2571
60	25	1590
60	10000	65454
60	9750	64511
60	9500	63135
60	9250	62405
60	9000	61572
60	8750	60760
60	8500	59972
60	8250	58753
60	8000	57762
60	7750	56240
60	7500	54551
60	7250	53779
60	7000	52682
60	6750	51580
60	6500	50779
60	6250	49503
60	6000	48230
60	5750	46536
60	5500	45386
60	5250	44196
60	5000	42709
60	4750	41271
60	4500	39999
60	4250	38554
60	4000	37522
60	3750	36247
60	3500	34968
60	3250	33721
60	3000	31982
60	2750	31000
60	2500	29626
60	2250	27966
60	2000	26331
60	1750	24187
60	1500	22374
60	1250	20023
60	1000	17765
60	750	15193
60	500	12539
60	250	8632
60	100	5409
60	75	4603
60	50	3340
60	25	2767
60	10000	65490
60	9750	64776
60	9500	64201
60	9250	63307
60	9000	62333
60	8750	61565
60	8500	60713
60	8250	59878
60	8000	58427
60	7750	57400
60	7500	56469
60	7250	55667
60	7000	54663
60	6750	53578
60	6500	52322
60	6250	51291
60	6000	50370
60	5750	49079
60	5500	47001
60	5250	45767
60	5000	44701
60	4750	43386
60	4500	42150
60	4250	40920
60	4000	39642
60	3750	38163
60	3500	36349
60	3250	35011
60	3000	33148
60	2750	31483
60	2500	29669
60	2250	27935
60	2000	25926
60	1750	24371
60	1500	22462
60	1250	20069
60	1000	17545
60	750	15232
60	500	12254
60	250	8586
60	100	5193
60	75	4693
60	50	3331
60	25	2098
60	10000	65810
60	9750	64794
60	9500	64200
60	9250	63137
60	9000	62388
60	8750	61690
60	8500	60067
60	8250	58742
60	8000	57758
60	7750	56693
60	7500	55824
60	7250	54816
60	7000	53737
60	6750	52796
60	6500	51612
60	6250	50446
60	6000	49192
60	5750	47952
60	5500	46656
60	5250	45909
60	5000	44634
60	4750	43477
60	4500	42064
60	4250	40727
60	4000	39418
60	3750	37796
60	3500	36382
60	3250	34909
60	3000	33219
60	2750	31587
60	2500	29732
60	2250	28065
60	2000	26125
60	1750	24551
60	1500	22588
60	1250	19124
60	1000	16247
60	750	13848
60	500	10919
60	250	7070
60	100	4603
60	75	4024
60	50	2859
60	25	2202
60	10000	65351
60	9750	63780
60	9500	62942
60	9250	61945
60	9000	60938
60	8750	59925
60	8500	59068
60	8250	58166
60	8000	56829
60	7750	55699
60	7500	54374
60	7250	53418
60	7000	52478
60	6750	51381
60	6500	50371
60	6250	48939
60	6000	47721
60	5750	46328
60	5500	45178
60	5250	43936
60	5000	42790
60	4750	41549
60	4500	40480
60	4250	39342
60	4000	37964
60	3750	35846
60	3500	33933
60	3250	32500
60	3000	30919
60	2750	29805
60	2500	28256
60	2250	26431
60	2000	24873
60	1750	22904
60	1500	21284
60	1250	18906
60	1000	16465
60	750	13562
60	500	10267
60	250	7239
60	100	4729
60	75	4079
60	50	2884
60	25	1583
60	10000	64873
60	9750	64021
60	9500	63016
60	9250	62227
60	9000	61405
60	8750	60576
60	8500	59773
60	8250	59012
60	8000	57970
60	7750	56996
60	7500	56293
60	7250	55406
60	7000	54274
60	6750	53072
60	6500	52069
60	6250	50625
60	6000	49221
60	5750	48243
60	5500	47185
60	5250	46076
60	5000	44727
60	4750	43384
60	4500	41778
60	4250	40450
60	4000	39131
60	3750	37378
60	3500	35963
60	3250	34075
60	3000	32622
60	2750	31056
60	2500	28731
60	2250	26867
60	2000	25223
60	1750	23592
60	1500	22186
60	1250	19700
60	1000	17468
60	750	15138
60	500	11532
60	250	7895
60	100	4670
60	75	3921
60	50	3502
60	25	2460
60	10000	65321
60	9750	64462
60	9500	63657
60	9250	62594
60	9000	61914
60	8750	60730
60	8500	59815
60	8250	59042
60	8000	57798
60	7750	56935
60	7500	55872
60	7250	54806
60	7000	53587
60	6750	52778
60	6500	51605
60	6250	50393
60	6000	49311
60	5750	47874
60	5500	46566
60	5250	45474
60	5000	44174
60	4750	42981
60	4500	41562
60	4250	40256
60	4000	39185
60	3750	37672
60	3500	36274
60	3250	34384
60	3000	32907
60	2750	30974
60	2500	28812
60	2250	27074
60	2000	25542
60	1750	23528
60	1500	21272
60	1250	19051
60	1000	16490
60	750	13495
60	500	10634
60	250	6543
60	100	3650
60	75	3005
60	50	2555
60	25	1276
60	10000	65659
60	9750	64604
60	9500	63417
60	9250	62677
60	9000	61897
60	8750	60487
60	8500	59397
60	8250	58271
60	8000	57385
60	7750	56038
60	7500	55210
60	7250	54253
60	7000	52997
60	6750	52003
60	6500	50855
60	6250	49640
60	6000	48682
60	5750	47224
60	5500	46031
60	5250	44839
60	5000	43752
60	4750	42134
60	4500	40698
60	4250	39631
60	4000	38371
60	3750	37167
60	3500	35750
60	3250	34465
60	3000	32995
60	2750	31258
60	2500	29580
60	2250	27984
60	2000	26299
60	1750	24167
60	1500	21896
60	1250	19614
60	1000	17371
60	750	14511
60	500	12566
60	250	9660
60	100	5582
60	75	4306
60	50	3057
60	25	2342
60	10000	65605
60	9750	64747
60	9500	63582
60	9250	62811
60	9000	62133
60	8750	60982
60	8500	60009
60	8250	59071
60	8000	57611
60	7750	56687
60	7500	55664
60	7250	54658
60	7000	53156
60	6750	52018
60	6500	51024
60	6250	50058
60	6000	49144
60	5750	47886
60	5500	46696
60	5250	45733
60	5000	44685
60	4750	43260
60	4500	42263
60	4250	41027
60	4000	39250
60	3750	37410
60	3500	35753
60	3250	34635
60	3000	33464
60	2750	32014
60	2500	29928
60	2250	28388
60	2000	26406
60	1750	24710
60	1500	22818
60	1250	20960
60	1000	18084
60	750	15637
60	500	13034
60	250	7895
60	100	4741
60	75	3475
60	50	2837
60	25	1542
60	10000	65031
60	9750	64229
60	9500	63040
60	9250	61887
60	9000	60714
60	8750	59718
60	8500	59141
60	8250	58061
60	8000	57220
60	7750	56373
60	7500	55370
60	7250	54323
60	7000	53092
60	6750	52070
60	6500	50898
60	6250	49284
60	6000	48329
60	5750	47176
60	5500	46156
60	5250	44288
60	5000	42961
60	4750	41338
60	4500	39988
60	4250	38879
60	4000	37239
60	3750	35737
60	3500	34432
60	3250	32995
60	3000	31510
60	2750	29922
60	2500	28388
60	2250	26949
60	2000	25390
60	1750	23196
60	1500	21337
60	1250	19174
60	1000	16544
60	750	13790
60	500	11730
60	250	7703
60	100	4733
60	75	3691
60	50	3133
60	25	1482
50	10000	65675
50	9750	64807
50	9500	63905
50	9250	63032
50	9000	62233
50	8750	61427
50	8500	60458
50	8250	59662
50	8000	58893
50	7750	57263
50	7500	55792
50	7250	54747
50	7000	53689
50	6750	52480
50	6500	51635
50	6250	50229
50	6000	49294
50	5750	48119
50	5500	46579
50	5250	45525
50	5000	43975
50	4750	42649
50	4500	41460
50	4250	40010
50	4000	38857
50	3750	37683
50	3500	36220
50	3250	34766
50	3000	33092
50	2750	31171
50	2500	29522
50	2250	27906
50	2000	26214
50	1750	24115
50	1500	21789
50	1250	19870
50	1000	17551
50	750	14613
50	500	11531
50	250	6889
50	100	3767
50	75	3433
50	50	2583
50	25	1596
50	10000	65513
50	9750	64570
50	9500	63195
50	9250	62465
50	9000	61631
50	8750	60819
50	8500	60030
50	8250	58811
50	8000	57819
50	7750	56295
50	7500	54606
50	7250	53834
50	7000	52738
50	6750	51636
50	6500	50832
50	6250	49556
50	6000	48282
50	5750	46588
50	5500	45438
50	5250	44249
50	5000	42762
50	4750	41325
50	4500	40051
50	4250	38607
50	4000	37574
50	3750	36298
50	3500	35019
50	3250	33772
50	3000	32033
50	2750	31048
50	2500	29672
50	2250	28015
50	2000	26376
50	1750	24230
50	1500	22416
50	1250	20064
50	1000	17801
50	750	15230
50	500	12572
50	250	8657
50	100	5424
50	75	4612
50	50	3350
50	25	2777
50	10000	65549
50	9750	64835
50	9500	64259
50	9250	63365
50	9000	62391
50	8750	61624
50	8500	60771
50	8250	59934
50	8000	58483
50	7750	57455
50	7500	56525
50	7250	55722
50	7000	54719
50	6750	53633
50	6500	52375
50	6250	51344
50	6000	50423
50	5750	49134
50	5500	47055
50	5250	45819
50	5000	44752
50	4750	43436
50	4500	42202
50	4250	40972
50	4000	39694
50	3750	38213
50	3500	36399
50	3250	35061
50	3000	33198
50	2750	31533
50	2500	29720
50	2250	27984
50	2000	25973
50	1750	24418
50	1500	22505
50	1250	20107
50	1000	17582
50	750	15265
50	500	12287
50	250	8616
50	100	5215
50	75	4708
50	50	3342
50	25	2107
50	10000	65869
50	9750	64852
50	9500	64256
50	9250	63193
50	9000	62444
50	8750	61744
50	8500	60122
50	8250	58796
50	8000	57813
50	7750	56748
50	7500	55878
50	7250	54871
50	7000	53789
50	6750	52848
50	6500	51664
50	6250	50497
50	6000	49242
50	5750	48000
50	5500	46704
50	5250	45957
50	5000	44681
50	4750	43524
50	4500	42111
50	4250	40773
50	4000	39464
50	3750	37841
50	3500	36425
50	3250	34952
50	3000	33264
50	2750	31630
50	2500	29774
50	2250	28107
50	2000	26167
50	1750	24589
50	1500	22626
50	1250	19156
50	1000	16281
50	750	13881
50	500	10951
50	250	7088
50	100	4623
50	75	4039
50	50	2869
50	25	2207
50	10000	65412
50	9750	63841
50	9500	63002
50	9250	62004
50	9000	60995
50	8750	59982
50	8500	59125
50	8250	58222
50	8000	56885
50	7750	55755
50	7500	54431
50	7250	53474
50	7000	52531
50	6750	51432
50	6500	50423
50	6250	48989
50	6000	47771
50	5750	46376
50	5500	45225
50	5250	43983
50	5000	42839
50	4750	41595
50	4500	40528
50	4250	39387
50	4000	38009
50	3750	35891
50	3500	33979
50	3250	32545
50	3000	30964
50	2750	29851
50	2500	28300
50	2250	26473
50	2000	24914
50	1750	22943
50	1500	21322
50	1250	18944
50	1000	16499
50	750	13594
50	500	10295
50	250	7264
50	100	4749
50	75	4096
50	50	2905
50	25	1592
50	10000	64933
50	9750	64080
50	9500	63073
50	9250	62285
50	9000	61462
50	8750	60635
50	8500	59829
50	8250	59067
50	8000	58023
50	7750	57049
50	7500	56345
50	7250	55457
50	7000	54325
50	6750	53124
50	6500	52123
50	6250	50678
50	6000	49274
50	5750	48294
50	5500	47236
50	5250	46129
50	5000	44779
50	4750	43434
50	4500	41828
50	4250	40498
50	4000	39177
50	3750	37422
50	3500	36007
50	3250	34119
50	3000	32665
50	2750	31100
50	2500	28774
50	2250	26909
50	2000	25261
50	1750	23628
50	1500	22220
50	1250	19733
50	1000	17501
50	750	15168
50	500	11559
50	250	7922
50	100	4693
50	75	3940
50	50	3517
50	25	2468
50	10000	65381
50	9750	64522
50	9500	63716
50	9250	62653
50	9000	61972
50	8750	60786
50	8500	59871
50	8250	59097
50	8000	57853
50	7750	56989
50	7500	55926
50	7250	54860
50	7000	53639
50	6750	52830
50	6500	51657
50	6250	50444
50	6000	49363
50	5750	47924
50	5500	46617
50	5250	45522
50	5000	44222
50	4750	43030
50	4500	41610
50	4250	40300
50	4000	39229
50	3750	37718
50	3500	36316
50	3250	34424
50	3000	32947
50	2750	31012
50	2500	28850
50	2250	27112
50	2000	25578
50	1750	23560
50	1500	21306
50	1250	19081
50	1000	16525
50	750	13524
50	500	10663
50	250	6562
50	100	3657
50	75	3013
50	50	2570
50	25	1279
50	10000	65718
50	9750	64662
50	9500	63475
50	9250	62736
50	9000	61956
50	8750	60545
50	8500	59454
50	8250	58326
50	8000	57439
50	7750	56092
50	7500	55266
50	7250	54307
50	7000	53050
50	6750	52056
50	6500	50909
50	6250	49694
50	6000	48736
50	5750	47278
50	5500	46084
50	5250	44893
50	5000	43806
50	4750	42185
50	4500	40749
50	4250	39682
50	4000	38421
50	3750	37217
50	3500	35801
50	3250	34511
50	3000	33038
50	2750	31303
50	2500	29624
50	2250	28024
50	2000	26337
50	1750	24205
50	1500	21933
50	1250	19650
50	1000	17404
50	750	14542
50	500	12587
50	250	9683
50	100	5606
50	75	4326
50	50	3073
50	25	2350
50	10000	65663
50	9750	64804
50	9500	63639
50	9250	62868
50	9000	62191
50	8750	61039
50	8500	60069
50	8250	59129
50	8000	57668
50	7750	56746
50	7500	55723
50	7250	54716
50	7000	53214
50	6750	52075
50	6500	51080
50	6250	50113
50	6000	49201
50	5750	47943
50	5500	46752
50	5250	45788
50	5000	44738
50	4750	43315
50	4500	42318
50	4250	41079
50	4000	39302
50	3750	37462
50	3500	35801
50	3250	34684
50	3000	33513
50	2750	32060
50	2500	29973
50	2250	28433
50	2000	26448
50	1750	24753
50	1500	22861
50	1250	20999
50	1000	18119
50	750	15666
50	500	13060
50	250	7927
50	100	4761
50	75	3493
50	50	2852
50	25	1552
50	10000	65091
50	9750	64289
50	9500	63098
50	9250	61945
50	9000	60770
50	8750	59774
50	8500	59198
50	8250	58117
50	8000	57275
50	7750	56427
50	7500	55424
50	7250	54375
50	7000	53145
50	6750	52121
50	6500	50949
50	6250	49335
50	6000	48381
50	5750	47228
50	5500	46208
50	5250	44340
50	5000	43012
50	4750	41389
50	4500	40040
50	4250	38931
50	4000	37290
50	3750	35786
50	3500	34480
50	3250	33043
50	3000	31557
50	2750	29969
50	2500	28432
50	2250	26993
50	2000	25434
50	1750	23237
50	1500	21376
50	1250	19212
50	1000	16578
50	750	13820
50	500	11756
50	250	7726
50	100	4751
50	75	3706
50	50	3147
50	25	1493
99	10000	59325
99	9750	58506
99	9500	57777
99	9250	56930
99	9000	56275
99	8750	55577
99	8500	54709
99	8250	54026
99	8000	53380
99	7750	51886
99	7500	50551
99	7250	49561
99	7000	48629
99	6750	47515
99	6500	46734
99	6250	45545
99	6000	44739
99	5750	43730
99	5500	42289
99	5250	41235
99	5000	39832
99	4750	38564
99	4500	37511
99	4250	36176
99	4000	35111
99	3750	33994
99	3500	32672
99	3250	31380
99	3000	29915
99	2750	28080
99	2500	26515
99	2250	25030
99	2000	23487
99	1750	21626
99	1500	19461
99	1250	17642
99	1000	15602
99	750	12810
99	500	10194
99	250	6148
99	100	3426
99	75	2667
99	50	2238
99	25	1388
99	10000	59079
99	9750	58203
99	9500	56983
99	9250	56283
99	9000	55558
99	8750	54761
99	8500	54082
99	8250	52921
99	8000	52001
99	7750	50588
99	7500	49012
99	7250	48248
99	7000	47271
99	6750	46212
99	6500	45531
99	6250	44364
99	6000	43242
99	5750	41663
99	5500	40628
99	5250	39630
99	5000	38245
99	4750	36946
99	4500	35820
99	4250	34561
99	4000	33807
99	3750	32586
99	3500	31671
99	3250	30303
99	3000	28483
99	2750	27591
99	2500	26573
99	2250	24914
99	2000	23836
99	1750	21607
99	1500	20049
99	1250	17956
99	1000	16088
99	750	13595
99	500	11175
99	250	7413
99	100	4758
99	75	3743
99	50	2714
99	25	2288
99	10000	59204
99	9750	58552
99	9500	58086
99	9250	57255
99	9000	56341
99	8750	55555
99	8500	54872
99	8250	54051
99	8000	52780
99	7750	51766
99	7500	50926
99	7250	50200
99	7000	49304
99	6750	48323
99	6500	47176
99	6250	46202
99	6000	45430
99	5750	44186
99	5500	42268
99	5250	41101
99	5000	40139
99	4750	38850
99	4500	37762
99	4250	36657
99	4000	35577
99	3750	34147
99	3500	32540
99	3250	31261
99	3000	29635
99	2750	28065
99	2500	26446
99	2250	24806
99	2000	22961
99	1750	21572
99	1500	19803
99	1250	17526
99	1000	15198
99	750	13002
99	500	10529
99	250	7013
99	100	4229
99	75	3092
99	50	2300
99	25	1282
99	10000	59465
99	9750	58468
99	9500	57917
99	9250	56936
99	9000	56287
99	8750	55658
99	8500	54225
99	8250	52960
99	8000	52172
99	7750	51163
99	7500	50471
99	7250	49533
99	7000	48593
99	6750	47676
99	6500	46724
99	6250	45970
99	6000	44661
99	5750	43847
99	5500	42465
99	5250	41538
99	5000	40287
99	4750	39234
99	4500	38652
99	4250	37399
99	4000	36214
99	3750	34784
99	3500	33546
99	3250	32138
99	3000	30690
99	2750	29055
99	2500	27254
99	2250	25529
99	2000	23828
99	1750	21987
99	1500	20223
99	1250	17023
99	1000	14683
99	750	12201
99	500	9633
99	250	6262
99	100	4231
99	75	3480
99	50	2537
99	25	1988
99	10000	59043
99	9750	57542
99	9500	56815
99	9250	55887
99	9000	54965
99	8750	54005
99	8500	53280
99	8250	52389
99	8000	51189
99	7750	50153
99	7500	48980
99	7250	48047
99	7000	47195
99	6750	46156
99	6500	45307
99	6250	44003
99	6000	42965
99	5750	41729
99	5500	40866
99	5250	39697
99	5000	38873
99	4750	37467
99	4500	36468
99	4250	35106
99	4000	33848
99	3750	31940
99	3500	30218
99	3250	28953
99	3000	27453
99	2750	26430
99	2500	25081
99	2250	23375
99	2000	22111
99	1750	20171
99	1500	19112
99	1250	16971
99	1000	14648
99	750	11970
99	500	9202
99	250	6189
99	100	4073
99	75	3105
99	50	2432
99	25	1404
99	10000	58565
99	9750	57793
99	9500	56882
99	9250	56149
99	9000	55367
99	8750	54608
99	8500	53934
99	8250	53224
99	8000	52299
99	7750	51384
99	7500	50776
99	7250	50012
99	7000	48966
99	6750	47905
99	6500	47033
99	6250	45689
99	6000	44442
99	5750	43539
99	5500	42628
99	5250	41689
99	5000	40531
99	4750	39430
99	4500	37870
99	4250	36813
99	4000	35342
99	3750	33677
99	3500	32537
99	3250	30581
99	3000	29349
99	2750	27913
99	2500	25946
99	2250	24086
99	2000	22621
99	1750	21073
99	1500	19787
99	1250	17441
99	1000	15529
99	750	13374
99	500	10518
99	250	6777
99	100	4175
99	75	3047
99	50	2745
99	25	1991
99	10000	59015
99	9750	58261
99	9500	57538
99	9250	56582
99	9000	55971
99	8750	54838
99	8500	54081
99	8250	53316
99	8000	52270
99	7750	51444
99	7500	50489
99	7250	49471
99	7000	48433
99	6750	47611
99	6500	46501
99	6250	45399
99	6000	44469
99	5750	43127
99	5500	41959
99	5250	40902
99	5000	39789
99	4750	38635
99	4500	37340
99	4250	36101
99	4000	35068
99	3750	33646
99	3500	32426
99	3250	30670
99	3000	29370
99	2750	27555
99	2500	25627
99	2250	24061
99	2000	22670
99	1750	20826
99	1500	18863
99	1250	16852
99	1000	14549
99	750	11771
99	500	9448
99	250	5681
99	100	3121
99	75	2452
99	50	2233
99	25	1158
99	10000	59311
99	9750	58356
99	9500	57402
99	9250	56713
99	9000	56054
99	8750	54742
99	8500	53765
99	8250	52692
99	8000	51904
99	7750	50615
99	7500	49838
99	7250	48952
99	7000	47782
99	6750	46841
99	6500	45774
99	6250	44626
99	6000	43807
99	5750	42432
99	5500	41395
99	5250	40281
99	5000	39285
99	4750	37815
99	4500	36526
99	4250	35579
99	4000	34500
99	3750	33350
99	3500	32067
99	3250	30869
99	3000	29544
99	2750	28024
99	2500	26449
99	2250	24932
99	2000	23534
99	1750	21532
99	1500	19936
99	1250	17926
99	1000	15900
99	750	13047
99	500	11237
99	250	8334
99	100	5039
99	75	3460
99	50	2729
99	25	2215
99	10000	59231
99	9750	58493
99	9500	57440
99	9250	56785
99	9000	56207
99	8750	55121
99	8500	54277
99	8250	53443
99	8000	52165
99	7750	51211
99	7500	50344
99	7250	49388
99	7000	48008
99	6750	46985
99	6500	46175
99	6250	45284
99	6000	44467
99	5750	43274
99	5500	42181
99	5250	41229
99	5000	40291
99	4750	38972
99	4500	38115
99	4250	37004
99	4000	35501
99	3750	33872
99	3500	32328
99	3250	31320
99	3000	30346
99	2750	28841
99	2500	26942
99	2250	25355
99	2000	23598
99	1750	22029
99	1500	20347
99	1250	18588
99	1000	15942
99	750	14037
99	500	11598
99	250	6874
99	100	4406
99	75	3038
99	50	2532
99	25	1405
99	10000	58805
99	9750	58067
99	9500	56939
99	9250	55865
99	9000	54825
99	8750	53944
99	8500	53429
99	8250	52406
99	8000	51670
99	7750	50885
99	7500	49975
99	7250	48958
99	7000	47894
99	6750	46937
99	6500	45910
99	6250	44382
99	6000	43535
99	5750	42440
99	5500	41467
99	5250	39775
99	5000	38538
99	4750	37077
99	4500	35856
99	4250	34787
99	4000	33292
99	3750	31867
99	3500	30771
99	3250	29391
99	3000	28021
99	2750	26606
99	2500	25320
99	2250	23886
99	2000	22546
99	1750	20435
99	1500	18868
99	1250	16699
99	1000	14402
99	750	11938
99	500	10151
99	250	6687
99	100	4259
99	75	3057
99	50	2584
99	25	1356
98	10000	62889
98	9750	62040
98	9500	61185
98	9250	60322
98	9000	59559
98	8750	58834
98	8500	57895
98	8250	57145
98	8000	56416
98	7750	54845
98	7500	53436
98	7250	52429
98	7000	51394
98	6750	50250
98	6500	49435
98	6250	48114
98	6000	47218
98	5750	46105
98	5500	44604
98	5250	43577
98	5000	42055
98	4750	40758
98	4500	39602
98	4250	38219
98	4000	37102
98	3750	35970
98	3500	34601
98	3250	33207
98	3000	31624
98	2750	29739
98	2500	28115
98	2250	26535
98	2000	24883
98	1750	22903
98	1500	20671
98	1250	18792
98	1000	16574
98	750	13724
98	500	10871
98	250	6546
98	100	3587
98	75	3138
98	50	2440
98	25	1388
98	10000	62699
98	9750	61784
98	9500	60465
98	9250	59745
98	9000	58944
98	8750	58168
98	8500	57402
98	8250	56211
98	8000	55251
98	7750	53758
98	7500	52097
98	7250	51340
98	7000	50264
98	6750	49191
98	6500	48430
98	6250	47194
98	6000	45994
98	5750	44358
98	5500	43249
98	5250	42140
98	5000	40683
98	4750	39311
98	4500	38059
98	4250	36663
98	4000	35647
98	3750	34411
98	3500	33183
98	3250	31984
98	3000	30276
98	2750	29373
98	2500	28066
98	2250	26472
98	2000	24931
98	1750	22866
98	1500	21109
98	1250	18866
98	1000	16682
98	750	14232
98	500	11794
98	250	8005
98	100	5010
98	75	4137
98	50	2973
98	25	2288
98	10000	62766
98	9750	62074
98	9500	61508
98	9250	60642
98	9000	59701
98	8750	58940
98	8500	58137
98	8250	57323
98	8000	55930
98	7750	54925
98	7500	54017
98	7250	53245
98	7000	52279
98	6750	51228
98	6500	50016
98	6250	49049
98	6000	48161
98	5750	46900
98	5500	44884
98	5250	43677
98	5000	42637
98	4750	41345
98	4500	40157
98	4250	38963
98	4000	37744
98	3750	36274
98	3500	34524
98	3250	33216
98	3000	31406
98	2750	29760
98	2500	28028
98	2250	26319
98	2000	24382
98	1750	22917
98	1500	21070
98	1250	18745
98	1000	16329
98	750	14041
98	500	11189
98	250	7730
98	100	4661
98	75	4059
98	50	3056
98	25	1282
98	10000	63066
98	9750	62072
98	9500	61492
98	9250	60460
98	9000	59743
98	8750	59094
98	8500	57537
98	8250	56238
98	8000	55329
98	7750	54308
98	7500	53502
98	7250	52531
98	7000	51499
98	6750	50562
98	6500	49394
98	6250	48295
98	6000	47082
98	5750	45879
98	5500	44633
98	5250	43916
98	5000	42672
98	4750	41589
98	4500	40252
98	4250	38928
98	4000	37657
98	3750	36064
98	3500	34711
98	3250	33320
98	3000	31748
98	2750	30175
98	2500	28396
98	2250	26771
98	2000	24887
98	1750	23340
98	1500	21457
98	1250	18113
98	1000	15343
98	750	13011
98	500	10209
98	250	6621
98	100	4419
98	75	3819
98	50	2746
98	25	1988
98	10000	62591
98	9750	61068
98	9500	60258
98	9250	59279
98	9000	58283
98	8750	57310
98	8500	56500
98	8250	55621
98	8000	54316
98	7750	53218
98	7500	51951
98	7250	51010
98	7000	50094
98	6750	49041
98	6500	48078
98	6250	46689
98	6000	45504
98	5750	44206
98	5500	43101
98	5250	41914
98	5000	40772
98	4750	39579
98	4500	38542
98	4250	37427
98	4000	36123
98	3750	34094
98	3500	32247
98	3250	30843
98	3000	29321
98	2750	28282
98	2500	26769
98	2250	25019
98	2000	23509
98	1750	21583
98	1500	20032
98	1250	17698
98	1000	15303
98	750	12576
98	500	9656
98	250	6792
98	100	4391
98	75	3732
98	50	2721
98	25	1404
98	10000	62132
98	9750	61322
98	9500	60341
98	9250	59589
98	9000	58779
98	8750	57988
98	8500	57228
98	8250	56482
98	8000	55486
98	7750	54535
98	7500	53879
98	7250	53036
98	7000	51929
98	6750	50806
98	6500	49854
98	6250	48461
98	6000	47124
98	5750	46187
98	5500	45162
98	5250	44149
98	5000	42846
98	4750	41520
98	4500	39975
98	4250	38727
98	4000	37430
98	3750	35730
98	3500	34357
98	3250	32492
98	3000	31111
98	2750	29689
98	2500	27453
98	2250	25666
98	2000	24070
98	1750	22504
98	1500	21103
98	1250	18727
98	1000	16608
98	750	14382
98	500	10934
98	250	7418
98	100	4442
98	75	3546
98	50	3187
98	25	1991
98	10000	62603
98	9750	61755
98	9500	60983
98	9250	59962
98	9000	59295
98	8750	58158
98	8500	57290
98	8250	56540
98	8000	55332
98	7750	54469
98	7500	53452
98	7250	52421
98	7000	51270
98	6750	50464
98	6500	49324
98	6250	48162
98	6000	47107
98	5750	45720
98	5500	44467
98	5250	43429
98	5000	42190
98	4750	41020
98	4500	39631
98	4250	38355
98	4000	37291
98	3750	35818
98	3500	34479
98	3250	32668
98	3000	31217
98	2750	29356
98	2500	27250
98	2250	25579
98	2000	24099
98	1750	22175
98	1500	20010
98	1250	17913
98	1000	15436
98	750	12516
98	500	9794
98	250	6027
98	100	3348
98	75	2694
98	50	2405
98	25	1158
98	10000	62913
98	9750	61915
98	9500	60785
98	9250	60078
98	9000	59325
98	8750	57962
98	8500	56916
98	8250	55816
98	8000	54971
98	7750	53630
98	7500	52806
98	7250	51883
98	7000	50657
98	6750	49680
98	6500	48558
98	6250	47380
98	6000	46475
98	5750	45058
98	5500	43923
98	5250	42769
98	5000	41715
98	4750	40154
98	4500	38755
98	4250	37734
98	4000	36549
98	3750	35352
98	3500	33984
98	3250	32771
98	3000	31336
98	2750	29685
98	2500	28038
98	2250	26483
98	2000	24901
98	1750	22846
98	1500	20703
98	1250	18507
98	1000	16364
98	750	13644
98	500	11791
98	250	9004
98	100	5190
98	75	3915
98	50	2901
98	25	2215
98	10000	62864
98	9750	62042
98	9500	60903
98	9250	60176
98	9000	59521
98	8750	58412
98	8500	57487
98	8250	56590
98	8000	55190
98	7750	54273
98	7500	53318
98	7250	52349
98	7000	50875
98	6750	49789
98	6500	48851
98	6250	47931
98	6000	47054
98	5750	45852
98	5500	44665
98	5250	43711
98	5000	42689
98	4750	41333
98	4500	40377
98	4250	39202
98	4000	37512
98	3750	35746
98	3500	34126
98	3250	33048
98	3000	31933
98	2750	30515
98	2500	28481
98	2250	26957
98	2000	25046
98	1750	23421
98	1500	21602
98	1250	19813
98	1000	17010
98	750	14690
98	500	12175
98	250	7276
98	100	4492
98	75	3273
98	50	2682
98	25	1405
98	10000	62307
98	9750	61536
98	9500	60370
98	9250	59255
98	9000	58108
98	8750	57163
98	8500	56584
98	8250	55535
98	8000	54728
98	7750	53917
98	7500	52942
98	7250	51921
98	7000	50745
98	6750	49753
98	6500	48624
98	6250	47055
98	6000	46125
98	5750	45017
98	5500	44005
98	5250	42225
98	5000	40917
98	4750	39386
98	4500	38074
98	4250	36990
98	4000	35392
98	3750	33931
98	3500	32725
98	3250	31307
98	3000	29857
98	2750	28376
98	2500	26880
98	2250	25506
98	2000	24033
98	1750	21885
98	1500	20100
98	1250	17968
98	1000	15431
98	750	12877
98	500	10908
98	250	7099
98	100	4361
98	75	3317
98	50	2818
98	25	1356
97	10000	63835
97	9750	62977
97	9500	62101
97	9250	61227
97	9000	60459
97	8750	59690
97	8500	58751
97	8250	57969
97	8000	57225
97	7750	55632
97	7500	54205
97	7250	53186
97	7000	52135
97	6750	50973
97	6500	50142
97	6250	48792
97	6000	47884
97	5750	46738
97	5500	45228
97	5250	44186
97	5000	42656
97	4750	41354
97	4500	40194
97	4250	38796
97	4000	37664
97	3750	36534
97	3500	35137
97	3250	33713
97	3000	32081
97	2750	30191
97	2500	28578
97	2250	26984
97	2000	25342
97	1750	23289
97	1500	21016
97	1250	19160
97	1000	16883
97	750	13971
97	500	11012
97	250	6608
97	100	3632
97	75	3283
97	50	2440
97	25	1388
97	10000	63650
97	9750	62717
97	9500	61373
97	9250	60652
97	9000	59837
97	8750	59047
97	8500	58278
97	8250	57077
97	8000	56105
97	7750	54603
97	7500	52943
97	7250	52187
97	7000	51108
97	6750	50020
97	6500	49244
97	6250	47981
97	6000	46756
97	5750	45095
97	5500	43967
97	5250	42838
97	5000	41388
97	4750	39977
97	4500	38724
97	4250	37304
97	4000	36279
97	3750	35028
97	3500	33786
97	3250	32567
97	3000	30849
97	2750	29914
97	2500	28581
97	2250	26970
97	2000	25396
97	1750	23299
97	1500	21525
97	1250	19247
97	1000	17051
97	750	14554
97	500	11987
97	250	8185
97	100	5076
97	75	4331
97	50	2973
97	25	2288
97	10000	63693
97	9750	62990
97	9500	62418
97	9250	61538
97	9000	60579
97	8750	59818
97	8500	58996
97	8250	58165
97	8000	56750
97	7750	55729
97	7500	54823
97	7250	54041
97	7000	53062
97	6750	51990
97	6500	50772
97	6250	49779
97	6000	48869
97	5750	47609
97	5500	45577
97	5250	44353
97	5000	43284
97	4750	41997
97	4500	40817
97	4250	39609
97	4000	38361
97	3750	36889
97	3500	35134
97	3250	33805
97	3000	31993
97	2750	30341
97	2500	28580
97	2250	26861
97	2000	24889
97	1750	23390
97	1500	21495
97	1250	19160
97	1000	16696
97	750	14420
97	500	11523
97	250	7975
97	100	4855
97	75	4339
97	50	3056
97	25	1282
97	10000	64008
97	9750	63005
97	9500	62424
97	9250	61380
97	9000	60652
97	8750	59984
97	8500	58400
97	8250	57090
97	8000	56165
97	7750	55119
97	7500	54286
97	7250	53295
97	7000	52246
97	6750	51316
97	6500	50144
97	6250	49017
97	6000	47802
97	5750	46569
97	5500	45304
97	5250	44575
97	5000	43331
97	4750	42206
97	4500	40829
97	4250	39494
97	4000	38213
97	3750	36603
97	3500	35233
97	3250	33818
97	3000	32205
97	2750	30608
97	2500	28791
97	2250	27160
97	2000	25266
97	1750	23725
97	1500	21811
97	1250	18421
97	1000	15619
97	750	13254
97	500	10426
97	250	6715
97	100	4447
97	75	3905
97	50	2746
97	25	1988
97	10000	63545
97	9750	62006
97	9500	61182
97	9250	60205
97	9000	59210
97	8750	58215
97	8500	57376
97	8250	56489
97	8000	55169
97	7750	54071
97	7500	52779
97	7250	51835
97	7000	50909
97	6750	49848
97	6500	48866
97	6250	47453
97	6000	46257
97	5750	44904
97	5500	43785
97	5250	42572
97	5000	41442
97	4750	40233
97	4500	39185
97	4250	38054
97	4000	36728
97	3750	34650
97	3500	32791
97	3250	31379
97	3000	29844
97	2750	28769
97	2500	27270
97	2250	25476
97	2000	23963
97	1750	22023
97	1500	20466
97	1250	18121
97	1000	15704
97	750	12920
97	500	9812
97	250	6893
97	100	4498
97	75	3903
97	50	2721
97	25	1404
97	10000	63070
97	9750	62244
97	9500	61259
97	9250	60480
97	9000	59667
97	8750	58865
97	8500	58086
97	8250	57330
97	8000	56324
97	7750	55367
97	7500	54679
97	7250	53822
97	7000	52709
97	6750	51555
97	6500	50583
97	6250	49158
97	6000	47792
97	5750	46847
97	5500	45815
97	5250	44749
97	5000	43438
97	4750	42113
97	4500	40558
97	4250	39260
97	4000	37966
97	3750	36223
97	3500	34851
97	3250	32986
97	3000	31569
97	2750	30048
97	2500	27775
97	2250	25963
97	2000	24355
97	1750	22756
97	1500	21373
97	1250	18954
97	1000	16814
97	750	14543
97	500	11048
97	250	7505
97	100	4499
97	75	3741
97	50	3187
97	25	1991
97	10000	63539
97	9750	62685
97	9500	61907
97	9250	60867
97	9000	60200
97	8750	59043
97	8500	58165
97	8250	57410
97	8000	56184
97	7750	55321
97	7500	54284
97	7250	53235
97	7000	52051
97	6750	51241
97	6500	50089
97	6250	48910
97	6000	47854
97	5750	46448
97	5500	45166
97	5250	44099
97	5000	42855
97	4750	41670
97	4500	40277
97	4250	38992
97	4000	37939
97	3750	36435
97	3500	35068
97	3250	33215
97	3000	31766
97	2750	29876
97	2500	27762
97	2250	26067
97	2000	24576
97	1750	22601
97	1500	20410
97	1250	18190
97	1000	15705
97	750	12735
97	500	10048
97	250	6189
97	100	3456
97	75	2803
97	50	2405
97	25	1158
97	10000	63856
97	9750	62830
97	9500	61675
97	9250	60947
97	9000	60187
97	8750	58809
97	8500	57746
97	8250	56645
97	8000	55791
97	7750	54448
97	7500	53636
97	7250	52695
97	7000	51469
97	6750	50482
97	6500	49359
97	6250	48160
97	6000	47234
97	5750	45798
97	5500	44637
97	5250	43479
97	5000	42416
97	4750	40846
97	4500	39433
97	4250	38395
97	4000	37174
97	3750	35981
97	3500	34588
97	3250	33338
97	3000	31901
97	2750	30185
97	2500	28498
97	2250	26929
97	2000	25312
97	1750	23244
97	1500	21085
97	1250	18833
97	1000	16679
97	750	13888
97	500	11997
97	250	9134
97	100	5262
97	75	4000
97	50	2901
97	25	2215
97	10000	63802
97	9750	62966
97	9500	61830
97	9250	61078
97	9000	60419
97	8750	59289
97	8500	58339
97	8250	57419
97	8000	55998
97	7750	55082
97	7500	54099
97	7250	53117
97	7000	51651
97	6750	50540
97	6500	49574
97	6250	48632
97	6000	47744
97	5750	46525
97	5500	45351
97	5250	44389
97	5000	43363
97	4750	41958
97	4500	40984
97	4250	39796
97	4000	38068
97	3750	36283
97	3500	34673
97	3250	33581
97	3000	32453
97	2750	30994
97	2500	28950
97	2250	27430
97	2000	25488
97	1750	23817
97	1500	21975
97	1250	20149
97	1000	17299
97	750	14903
97	500	12416
97	250	7405
97	100	4537
97	75	3349
97	50	2682
97	25	1405
97	10000	63239
97	9750	62457
97	9500	61288
97	9250	60154
97	9000	59003
97	8750	58028
97	8500	57460
97	8250	56392
97	8000	55573
97	7750	54741
97	7500	53759
97	7250	52726
97	7000	51533
97	6750	50528
97	6500	49388
97	6250	47794
97	6000	46862
97	5750	45743
97	5500	44737
97	5250	42915
97	5000	41612
97	4750	40035
97	4500	38719
97	4250	37623
97	4000	36017
97	3750	34541
97	3500	33302
97	3250	31887
97	3000	30430
97	2750	28901
97	2500	27382
97	2250	25975
97	2000	24477
97	1750	22311
97	1500	20523
97	1250	18359
97	1000	15804
97	750	13145
97	500	11174
97	250	7184
97	100	4440
97	75	3410
97	50	2818
97	25	1356
96	10000	64353
96	9750	63483
96	9500	62593
96	9250	61712
96	9000	60933
96	8750	60162
96	8500	59223
96	8250	58491
96	8000	57752
96	7750	56168
96	7500	54738
96	7250	53700
96	7000	52650
96	6750	51507
96	6500	50693
96	6250	49294
96	6000	48374
96	5750	47272
96	5500	45767
96	5250	44727
96	5000	43170
96	4750	41836
96	4500	40648
96	4250	39242
96	4000	38076
96	3750	36883
96	3500	35472
96	3250	34067
96	3000	32441
96	2750	30535
96	2500	28862
96	2250	27225
96	2000	25560
96	1750	23514
96	1500	21199
96	1250	19377
96	1000	17062
96	750	14145
96	500	11168
96	250	6722
96	100	3641
96	75	3315
96	50	2483
96	25	1511
96	10000	64270
96	9750	63357
96	9500	61981
96	9250	61271
96	9000	60454
96	8750	59671
96	8500	58889
96	8250	57672
96	8000	56682
96	7750	55167
96	7500	53485
96	7250	52706
96	7000	51595
96	6750	50461
96	6500	49666
96	6250	48390
96	6000	47192
96	5750	45567
96	5500	44413
96	5250	43282
96	5000	41765
96	4750	40336
96	4500	39077
96	4250	37719
96	4000	36641
96	3750	35408
96	3500	34141
96	3250	32919
96	3000	31149
96	2750	30199
96	2500	28868
96	2250	27244
96	2000	25641
96	1750	23555
96	1500	21790
96	1250	19433
96	1000	17214
96	750	14701
96	500	12125
96	250	8292
96	100	5239
96	75	4435
96	50	3194
96	25	2644
96	10000	64319
96	9750	63619
96	9500	62971
96	9250	62077
96	9000	61124
96	8750	60346
96	8500	59529
96	8250	58681
96	8000	57274
96	7750	56232
96	7500	55293
96	7250	54532
96	7000	53536
96	6750	52455
96	6500	51237
96	6250	50323
96	6000	49402
96	5750	48078
96	5500	46006
96	5250	44794
96	5000	43720
96	4750	42407
96	4500	41254
96	4250	40041
96	4000	38853
96	3750	37279
96	3500	35475
96	3250	34208
96	3000	32285
96	2750	30649
96	2500	28867
96	2250	27159
96	2000	25171
96	1750	23685
96	1500	21764
96	1250	19415
96	1000	16936
96	750	14648
96	500	11718
96	250	8149
96	100	4982
96	75	4480
96	50	3182
96	25	1949
96	10000	64623
96	9750	63624
96	9500	63018
96	9250	61977
96	9000	61277
96	8750	60584
96	8500	58995
96	8250	57690
96	8000	56757
96	7750	55697
96	7500	54857
96	7250	53852
96	7000	52800
96	6750	51849
96	6500	50722
96	6250	49567
96	6000	48274
96	5750	47057
96	5500	45790
96	5250	45038
96	5000	43739
96	4750	42625
96	4500	41266
96	4250	39926
96	4000	38638
96	3750	37087
96	3500	35694
96	3250	34244
96	3000	32598
96	2750	30980
96	2500	29147
96	2250	27516
96	2000	25590
96	1750	24029
96	1500	22050
96	1250	18594
96	1000	15825
96	750	13429
96	500	10545
96	250	6774
96	100	4474
96	75	3922
96	50	2776
96	25	2129
96	10000	64136
96	9750	62533
96	9500	61775
96	9250	60757
96	9000	59703
96	8750	58700
96	8500	57869
96	8250	56962
96	8000	55663
96	7750	54586
96	7500	53255
96	7250	52348
96	7000	51452
96	6750	50399
96	6500	49421
96	6250	48022
96	6000	46851
96	5750	45489
96	5500	44338
96	5250	43109
96	5000	41956
96	4750	40737
96	4500	39678
96	4250	38489
96	4000	37135
96	3750	35039
96	3500	33155
96	3250	31797
96	3000	30249
96	2750	29167
96	2500	27584
96	2250	25748
96	2000	24242
96	1750	22255
96	1500	20698
96	1250	18336
96	1000	15920
96	750	13124
96	500	9981
96	250	7038
96	100	4577
96	75	3934
96	50	2801
96	25	1513
96	10000	63624
96	9750	62823
96	9500	61780
96	9250	60983
96	9000	60171
96	8750	59361
96	8500	58563
96	8250	57797
96	8000	56785
96	7750	55814
96	7500	55124
96	7250	54267
96	7000	53136
96	6750	51975
96	6500	51002
96	6250	49586
96	6000	48189
96	5750	47244
96	5500	46204
96	5250	45182
96	5000	43824
96	4750	42548
96	4500	40947
96	4250	39677
96	4000	38357
96	3750	36611
96	3500	35228
96	3250	33342
96	3000	31922
96	2750	30423
96	2500	28145
96	2250	26265
96	2000	24679
96	1750	23016
96	1500	21563
96	1250	19088
96	1000	16911
96	750	14650
96	500	11176
96	250	7567
96	100	4526
96	75	3768
96	50	3378
96	25	2336
96	10000	64065
96	9750	63194
96	9500	62401
96	9250	61379
96	9000	60696
96	8750	59577
96	8500	58728
96	8250	57923
96	8000	56649
96	7750	55773
96	7500	54739
96	7250	53681
96	7000	52473
96	6750	51645
96	6500	50484
96	6250	49300
96	6000	48233
96	5750	46821
96	5500	45552
96	5250	44477
96	5000	43216
96	4750	42045
96	4500	40669
96	4250	39370
96	4000	38268
96	3750	36779
96	3500	35387
96	3250	33515
96	3000	32031
96	2750	30133
96	2500	28008
96	2250	26304
96	2000	24786
96	1750	22807
96	1500	20592
96	1250	18419
96	1000	15915
96	750	12948
96	500	10165
96	250	6265
96	100	3497
96	75	2852
96	50	2441
96	25	1202
96	10000	64372
96	9750	63361
96	9500	62196
96	9250	61460
96	9000	60683
96	8750	59288
96	8500	58202
96	8250	57105
96	8000	56219
96	7750	54879
96	7500	54048
96	7250	53113
96	7000	51869
96	6750	50889
96	6500	49760
96	6250	48559
96	6000	47615
96	5750	46171
96	5500	45000
96	5250	43830
96	5000	42758
96	4750	41177
96	4500	39763
96	4250	38721
96	4000	37479
96	3750	36287
96	3500	34903
96	3250	33639
96	3000	32156
96	2750	30459
96	2500	28772
96	2250	27195
96	2000	25580
96	1750	23497
96	1500	21304
96	1250	19089
96	1000	16865
96	750	14013
96	500	12099
96	250	9239
96	100	5312
96	75	4076
96	50	2951
96	25	2273
96	10000	64447
96	9750	63584
96	9500	62411
96	9250	61649
96	9000	60962
96	8750	59871
96	8500	58952
96	8250	58059
96	8000	56625
96	7750	55672
96	7500	54677
96	7250	53672
96	7000	52220
96	6750	51092
96	6500	50155
96	6250	49183
96	6000	48287
96	5750	47029
96	5500	45842
96	5250	44879
96	5000	43852
96	4750	42466
96	4500	41498
96	4250	40234
96	4000	38449
96	3750	36689
96	3500	35046
96	3250	33923
96	3000	32720
96	2750	31249
96	2500	29210
96	2250	27664
96	2000	25711
96	1750	24048
96	1500	22191
96	1250	20360
96	1000	17536
96	750	15152
96	500	12637
96	250	7551
96	100	4569
96	75	3365
96	50	2736
96	25	1468
96	10000	63759
96	9750	62966
96	9500	61786
96	9250	60669
96	9000	59533
96	8750	58567
96	8500	57947
96	8250	56913
96	8000	56125
96	7750	55290
96	7500	54302
96	7250	53278
96	7000	52077
96	6750	51057
96	6500	49914
96	6250	48321
96	6000	47371
96	5750	46206
96	5500	45126
96	5250	43288
96	5000	41984
96	4750	40390
96	4500	39058
96	4250	37954
96	4000	36332
96	3750	34854
96	3500	33603
96	3250	32209
96	3000	30708
96	2750	29233
96	2500	27701
96	2250	26281
96	2000	24781
96	1750	22603
96	1500	20776
96	1250	18614
96	1000	15996
96	750	13343
96	500	11339
96	250	7387
96	100	4552
96	75	3553
96	50	2969
96	25	1401