threshold	alignment_size	SNPs
90	10000	1942504
90	9750	1942458
90	9500	1942462
90	9250	1942430
90	9000	1942402
90	8750	1942483
90	8500	1942494
90	8250	1942557
90	8000	1942477
90	7750	1942449
90	7500	1942416
90	7250	1942333
90	7000	1942296
90	6750	1942257
90	6500	1942285
90	6250	1942274
90	6000	1942267
90	5750	1942300
90	5500	1942416
90	5250	1942337
90	5000	1942416
90	4750	1942424
90	4500	1942556
90	4250	1942463
90	4000	1942605
90	3750	1942531
90	3500	1942706
90	3250	1942580
90	3000	1942611
90	2750	1942712
90	2500	1942724
90	2250	1942397
90	2000	1942598
90	1750	1942661
90	1500	1942620
90	1250	1942151
90	1000	1942635
90	750	1943177
90	500	1943607
90	250	1945515
90	100	1944207
90	75	1939220
90	50	1954892
90	25	1938311
90	10000	1942470
90	9750	1942442
90	9500	1942419
90	9250	1942427
90	9000	1942444
90	8750	1942445
90	8500	1942547
90	8250	1942621
90	8000	1942590
90	7750	1942573
90	7500	1942609
90	7250	1942603
90	7000	1942667
90	6750	1942787
90	6500	1942784
90	6250	1942699
90	6000	1942727
90	5750	1942744
90	5500	1942834
90	5250	1942885
90	5000	1942783
90	4750	1942683
90	4500	1942497
90	4250	1942701
90	4000	1942681
90	3750	1942716
90	3500	1942768
90	3250	1942678
90	3000	1942470
90	2750	1942575
90	2500	1942440
90	2250	1942293
90	2000	1941923
90	1750	1942193
90	1500	1941373
90	1250	1941876
90	1000	1942328
90	750	1942587
90	500	1943311
90	250	1948635
90	100	1943933
90	75	1948836
90	50	1946984
90	25	1953449
90	10000	1942507
90	9750	1942509
90	9500	1942462
90	9250	1942426
90	9000	1942464
90	8750	1942411
90	8500	1942476
90	8250	1942518
90	8000	1942476
90	7750	1942447
90	7500	1942428
90	7250	1942447
90	7000	1942495
90	6750	1942452
90	6500	1942578
90	6250	1942563
90	6000	1942548
90	5750	1942546
90	5500	1942577
90	5250	1942659
90	5000	1942821
90	4750	1942757
90	4500	1942808
90	4250	1942915
90	4000	1943103
90	3750	1943014
90	3500	1943049
90	3250	1943076
90	3000	1942769
90	2750	1942714
90	2500	1942699
90	2250	1942740
90	2000	1942598
90	1750	1943332
90	1500	1943437
90	1250	1943425
90	1000	1943949
90	750	1944054
90	500	1943982
90	250	1939798
90	100	1942026
90	75	1941123
90	50	1946193
90	25	1933494
90	10000	1942498
90	9750	1942524
90	9500	1942552
90	9250	1942573
90	9000	1942577
90	8750	1942528
90	8500	1942530
90	8250	1942418
90	8000	1942333
90	7750	1942232
90	7500	1942201
90	7250	1942183
90	7000	1942230
90	6750	1942237
90	6500	1942316
90	6250	1942365
90	6000	1942254
90	5750	1942318
90	5500	1942300
90	5250	1942405
90	5000	1942468
90	4750	1942448
90	4500	1942434
90	4250	1942380
90	4000	1942597
90	3750	1942598
90	3500	1942614
90	3250	1942547
90	3000	1942385
90	2750	1942558
90	2500	1942336
90	2250	1942251
90	2000	1942235
90	1750	1942598
90	1500	1942310
90	1250	1941964
90	1000	1941933
90	750	1942838
90	500	1944757
90	250	1944597
90	100	1948314
90	75	1944621
90	50	1946131
90	25	1941120
90	10000	1942521
90	9750	1942494
90	9500	1942522
90	9250	1942512
90	9000	1942505
90	8750	1942559
90	8500	1942527
90	8250	1942517
90	8000	1942426
90	7750	1942381
90	7500	1942397
90	7250	1942422
90	7000	1942534
90	6750	1942545
90	6500	1942498
90	6250	1942605
90	6000	1942476
90	5750	1942577
90	5500	1942379
90	5250	1942555
90	5000	1942487
90	4750	1942426
90	4500	1942906
90	4250	1942716
90	4000	1942324
90	3750	1942393
90	3500	1942530
90	3250	1942652
90	3000	1942814
90	2750	1942535
90	2500	1942460
90	2250	1942676
90	2000	1942453
90	1750	1942493
90	1500	1942684
90	1250	1942994
90	1000	1943156
90	750	1943747
90	500	1945213
90	250	1947348
90	100	1945782
90	75	1941990
90	50	1948290
90	25	1942330
90	10000	1942521
90	9750	1942451
90	9500	1942447
90	9250	1942528
90	9000	1942505
90	8750	1942437
90	8500	1942494
90	8250	1942449
90	8000	1942432
90	7750	1942382
90	7500	1942283
90	7250	1942139
90	7000	1942115
90	6750	1942078
90	6500	1942191
90	6250	1942184
90	6000	1942317
90	5750	1942375
90	5500	1942374
90	5250	1942401
90	5000	1942496
90	4750	1942448
90	4500	1942292
90	4250	1942563
90	4000	1942599
90	3750	1942898
90	3500	1943096
90	3250	1943002
90	3000	1943244
90	2750	1943375
90	2500	1943277
90	2250	1943411
90	2000	1943672
90	1750	1943319
90	1500	1943253
90	1250	1943317
90	1000	1943796
90	750	1943626
90	500	1943835
90	250	1943363
90	100	1945361
90	75	1947056
90	50	1952450
90	25	1939788
90	10000	1942458
90	9750	1942454
90	9500	1942435
90	9250	1942410
90	9000	1942351
90	8750	1942345
90	8500	1942337
90	8250	1942326
90	8000	1942283
90	7750	1942239
90	7500	1942135
90	7250	1942080
90	7000	1942087
90	6750	1942016
90	6500	1941944
90	6250	1941946
90	6000	1941908
90	5750	1941579
90	5500	1941599
90	5250	1941461
90	5000	1940930
90	4750	1940692
90	4500	1940705
90	4250	1940535
90	4000	1940452
90	3750	1940505
90	3500	1941411
90	3250	1941644
90	3000	1941074
90	2750	1941329
90	2500	1940883
90	2250	1941045
90	2000	1941026
90	1750	1940829
90	1500	1940896
90	1250	1940035
90	1000	1940864
90	750	1940400
90	500	1939844
90	250	1938827
90	100	1934515
90	75	1934391
90	50	1941725
90	25	1946814
90	10000	1942504
90	9750	1942492
90	9500	1942436
90	9250	1942542
90	9000	1942495
90	8750	1942488
90	8500	1942571
90	8250	1942598
90	8000	1942565
90	7750	1942599
90	7500	1942539
90	7250	1942522
90	7000	1942506
90	6750	1942395
90	6500	1942392
90	6250	1942349
90	6000	1942389
90	5750	1942456
90	5500	1942525
90	5250	1942474
90	5000	1942416
90	4750	1942374
90	4500	1942178
90	4250	1942161
90	4000	1941988
90	3750	1941887
90	3500	1941852
90	3250	1942064
90	3000	1942086
90	2750	1942136
90	2500	1942235
90	2250	1942243
90	2000	1942285
90	1750	1942387
90	1500	1942091
90	1250	1943748
90	1000	1943072
90	750	1945748
90	500	1945510
90	250	1947169
90	100	1946559
90	75	1948328
90	50	1955026
90	25	1946819
90	10000	1942510
90	9750	1942480
90	9500	1942473
90	9250	1942512
90	9000	1942535
90	8750	1942532
90	8500	1942543
90	8250	1942561
90	8000	1942612
90	7750	1942602
90	7500	1942526
90	7250	1942433
90	7000	1942525
90	6750	1942551
90	6500	1942407
90	6250	1942433
90	6000	1942457
90	5750	1942442
90	5500	1942403
90	5250	1942486
90	5000	1942403
90	4750	1942167
90	4500	1942002
90	4250	1941910
90	4000	1942034
90	3750	1942194
90	3500	1942200
90	3250	1942080
90	3000	1941958
90	2750	1942612
90	2500	1942581
90	2250	1942606
90	2000	1942717
90	1750	1942255
90	1500	1942238
90	1250	1941572
90	1000	1942616
90	750	1941383
90	500	1940688
90	250	1941824
90	100	1945168
90	75	1945892
90	50	1950337
90	25	1937227
90	10000	1942548
90	9750	1942536
90	9500	1942592
90	9250	1942573
90	9000	1942559
90	8750	1942484
90	8500	1942478
90	8250	1942427
90	8000	1942499
90	7750	1942465
90	7500	1942515
90	7250	1942580
90	7000	1942570
90	6750	1942533
90	6500	1942573
90	6250	1942518
90	6000	1942452
90	5750	1942386
90	5500	1942380
90	5250	1942339
90	5000	1942449
90	4750	1942458
90	4500	1942554
90	4250	1942632
90	4000	1942709
90	3750	1942560
90	3500	1942572
90	3250	1942556
90	3000	1942855
90	2750	1942656
90	2500	1942714
90	2250	1943039
90	2000	1943137
90	1750	1943154
90	1500	1944507
90	1250	1944372
90	1000	1945922
90	750	1944365
90	500	1943603
90	250	1944956
90	100	1940915
90	75	1943913
90	50	1947861
90	25	1933413
100	10000	256835
100	9750	263783
100	9500	270740
100	9250	277172
100	9000	281579
100	8750	289734
100	8500	297084
100	8250	305773
100	8000	312628
100	7750	321284
100	7500	329297
100	7250	338070
100	7000	351278
100	6750	360430
100	6500	371080
100	6250	379452
100	6000	391716
100	5750	405561
100	5500	418926
100	5250	430310
100	5000	444666
100	4750	465694
100	4500	482811
100	4250	501845
100	4000	527042
100	3750	548622
100	3500	571684
100	3250	590090
100	3000	625437
100	2750	650405
100	2500	684056
100	2250	724090
100	2000	766401
100	1750	795283
100	1500	846544
100	1250	897245
100	1000	982131
100	750	1091804
100	500	1241765
100	250	1451831
100	100	1618906
100	75	1644851
100	50	1723183
100	25	1764844
100	10000	255019
100	9750	260077
100	9500	265619
100	9250	274071
100	9000	279192
100	8750	286736
100	8500	294187
100	8250	303698
100	8000	312596
100	7750	321507
100	7500	331636
100	7250	340162
100	7000	347862
100	6750	359918
100	6500	368872
100	6250	377103
100	6000	386721
100	5750	401274
100	5500	413769
100	5250	429767
100	5000	441851
100	4750	463110
100	4500	475280
100	4250	501326
100	4000	526850
100	3750	541826
100	3500	564157
100	3250	595850
100	3000	616082
100	2750	650096
100	2500	675720
100	2250	704986
100	2000	751138
100	1750	811342
100	1500	863288
100	1250	958807
100	1000	1038811
100	750	1138653
100	500	1275862
100	250	1473604
100	100	1704157
100	75	1734458
100	50	1760951
100	25	1820207
100	10000	256345
100	9750	260188
100	9500	265647
100	9250	271403
100	9000	279024
100	8750	282742
100	8500	290188
100	8250	295541
100	8000	303719
100	7750	310654
100	7500	318967
100	7250	327584
100	7000	338077
100	6750	345724
100	6500	363018
100	6250	373765
100	6000	383654
100	5750	394600
100	5500	410634
100	5250	422692
100	5000	441865
100	4750	456499
100	4500	476820
100	4250	492815
100	4000	511351
100	3750	539879
100	3500	560436
100	3250	584142
100	3000	613332
100	2750	642841
100	2500	668166
100	2250	698930
100	2000	735734
100	1750	786244
100	1500	847404
100	1250	925409
100	1000	997794
100	750	1074913
100	500	1211238
100	250	1387419
100	100	1572482
100	75	1617632
100	50	1668214
100	25	1731799
100	10000	257899
100	9750	264263
100	9500	271812
100	9250	279012
100	9000	284526
100	8750	291255
100	8500	298240
100	8250	304004
100	8000	311159
100	7750	318598
100	7500	326324
100	7250	336111
100	7000	349291
100	6750	365990
100	6500	379308
100	6250	394185
100	6000	403064
100	5750	418087
100	5500	430496
100	5250	450840
100	5000	467011
100	4750	479915
100	4500	498398
100	4250	518302
100	4000	542242
100	3750	561494
100	3500	587374
100	3250	614944
100	3000	646332
100	2750	673235
100	2500	698350
100	2250	735958
100	2000	772088
100	1750	826311
100	1500	884040
100	1250	936332
100	1000	991766
100	750	1096398
100	500	1255955
100	250	1462994
100	100	1636305
100	75	1671056
100	50	1726059
100	25	1814564
100	10000	256134
100	9750	260223
100	9500	268814
100	9250	277573
100	9000	284664
100	8750	293954
100	8500	301189
100	8250	306851
100	8000	313623
100	7750	321048
100	7500	330721
100	7250	345426
100	7000	358884
100	6750	370137
100	6500	380818
100	6250	392450
100	6000	405637
100	5750	418950
100	5500	430088
100	5250	445971
100	5000	464803
100	4750	478487
100	4500	497088
100	4250	512075
100	4000	525421
100	3750	556055
100	3500	571115
100	3250	596884
100	3000	625454
100	2750	644610
100	2500	676174
100	2250	713994
100	2000	751523
100	1750	792152
100	1500	836284
100	1250	893221
100	1000	967190
100	750	1056662
100	500	1207933
100	250	1426327
100	100	1616260
100	75	1638765
100	50	1702270
100	25	1812455
100	10000	255855
100	9750	259888
100	9500	265808
100	9250	272577
100	9000	279092
100	8750	285101
100	8500	293617
100	8250	297404
100	8000	306016
100	7750	315097
100	7500	322551
100	7250	327247
100	7000	333234
100	6750	341324
100	6500	353187
100	6250	362877
100	6000	375267
100	5750	388089
100	5500	401537
100	5250	416444
100	5000	435807
100	4750	453725
100	4500	470608
100	4250	486491
100	4000	510872
100	3750	534644
100	3500	558836
100	3250	579020
100	3000	605906
100	2750	641434
100	2500	677746
100	2250	708375
100	2000	743671
100	1750	779771
100	1500	831367
100	1250	891505
100	1000	959507
100	750	1065351
100	500	1227750
100	250	1427462
100	100	1586097
100	75	1688483
100	50	1741603
100	25	1841345
100	10000	254068
100	9750	258742
100	9500	263610
100	9250	269289
100	9000	273460
100	8750	280747
100	8500	286366
100	8250	295098
100	8000	302577
100	7750	309541
100	7500	316698
100	7250	323196
100	7000	333453
100	6750	342097
100	6500	352082
100	6250	364105
100	6000	377120
100	5750	391658
100	5500	407144
100	5250	422533
100	5000	437070
100	4750	451761
100	4500	465588
100	4250	481859
100	4000	501991
100	3750	527203
100	3500	551871
100	3250	577672
100	3000	609023
100	2750	634164
100	2500	664090
100	2250	694328
100	2000	734720
100	1750	802217
100	1500	856610
100	1250	900656
100	1000	976093
100	750	1085485
100	500	1225246
100	250	1406463
100	100	1627336
100	75	1653333
100	50	1722145
100	25	1791296
100	10000	256642
100	9750	261646
100	9500	266470
100	9250	275819
100	9000	281835
100	8750	288108
100	8500	296709
100	8250	308039
100	8000	313551
100	7750	321463
100	7500	329275
100	7250	341316
100	7000	349928
100	6750	358832
100	6500	369311
100	6250	381463
100	6000	394687
100	5750	406740
100	5500	420311
100	5250	429921
100	5000	446890
100	4750	463136
100	4500	482362
100	4250	492924
100	4000	508856
100	3750	531183
100	3500	554314
100	3250	580453
100	3000	603598
100	2750	640184
100	2500	682216
100	2250	715969
100	2000	748424
100	1750	818396
100	1500	863429
100	1250	938153
100	1000	1015380
100	750	1109744
100	500	1235422
100	250	1396412
100	100	1579294
100	75	1657390
100	50	1715496
100	25	1837018
100	10000	255128
100	9750	258814
100	9500	264555
100	9250	270177
100	9000	277372
100	8750	283967
100	8500	290454
100	8250	293065
100	8000	299473
100	7750	306308
100	7500	313150
100	7250	322464
100	7000	333928
100	6750	345159
100	6500	359137
100	6250	373879
100	6000	387616
100	5750	402154
100	5500	415127
100	5250	425964
100	5000	439746
100	4750	452673
100	4500	462524
100	4250	480732
100	4000	509023
100	3750	531667
100	3500	555984
100	3250	577670
100	3000	601770
100	2750	635826
100	2500	680869
100	2250	718148
100	2000	768820
100	1750	801187
100	1500	849707
100	1250	911867
100	1000	1006363
100	750	1111478
100	500	1210425
100	250	1404619
100	100	1590381
100	75	1638724
100	50	1695449
100	25	1781476
100	10000	257317
100	9750	264122
100	9500	270959
100	9250	279694
100	9000	286605
100	8750	292437
100	8500	299065
100	8250	304831
100	8000	311962
100	7750	320107
100	7500	328388
100	7250	337095
100	7000	349650
100	6750	357311
100	6500	366986
100	6250	377405
100	6000	386650
100	5750	394005
100	5500	405072
100	5250	417952
100	5000	430008
100	4750	446366
100	4500	466928
100	4250	483212
100	4000	510461
100	3750	529606
100	3500	556103
100	3250	580677
100	3000	614639
100	2750	641520
100	2500	684317
100	2250	714186
100	2000	759928
100	1750	805837
100	1500	858379
100	1250	915564
100	1000	1018670
100	750	1100941
100	500	1251727
100	250	1461358
100	100	1604220
100	75	1646419
100	50	1741060
100	25	1817430
95	10000	1901047
95	9750	1900720
95	9500	1900782
95	9250	1900341
95	9000	1899519
95	8750	1899710
95	8500	1900569
95	8250	1900809
95	8000	1899945
95	7750	1897479
95	7500	1897855
95	7250	1897351
95	7000	1897798
95	6750	1898812
95	6500	1897218
95	6250	1897118
95	6000	1899314
95	5750	1899831
95	5500	1898770
95	5250	1897416
95	5000	1899957
95	4750	1900697
95	4500	1901387
95	4250	1900964
95	4000	1901788
95	3750	1901620
95	3500	1901626
95	3250	1901049
95	3000	1901809
95	2750	1901706
95	2500	1902002
95	2250	1901298
95	2000	1902329
95	1750	1900969
95	1500	1901235
95	1250	1900263
95	1000	1900328
95	750	1896679
95	500	1902386
95	250	1902935
95	100	1901226
95	75	1892189
95	50	1901960
95	25	1906324
95	10000	1900799
95	9750	1901119
95	9500	1901001
95	9250	1901026
95	9000	1901079
95	8750	1901070
95	8500	1900994
95	8250	1901118
95	8000	1901265
95	7750	1901191
95	7500	1901204
95	7250	1901324
95	7000	1901441
95	6750	1901449
95	6500	1901281
95	6250	1900967
95	6000	1900845
95	5750	1900175
95	5500	1901126
95	5250	1901119
95	5000	1901074
95	4750	1900746
95	4500	1898487
95	4250	1897689
95	4000	1897747
95	3750	1897484
95	3500	1897831
95	3250	1897780
95	3000	1898055
95	2750	1898139
95	2500	1898253
95	2250	1897924
95	2000	1897950
95	1750	1898483
95	1500	1898793
95	1250	1899254
95	1000	1900326
95	750	1900622
95	500	1902108
95	250	1904066
95	100	1911285
95	75	1903407
95	50	1902540
95	25	1922201
95	10000	1900881
95	9750	1900517
95	9500	1900120
95	9250	1900266
95	9000	1900383
95	8750	1900271
95	8500	1900901
95	8250	1900735
95	8000	1900921
95	7750	1900723
95	7500	1900780
95	7250	1900453
95	7000	1900943
95	6750	1900875
95	6500	1901247
95	6250	1900980
95	6000	1900770
95	5750	1900675
95	5500	1900841
95	5250	1900930
95	5000	1901042
95	4750	1900381
95	4500	1901246
95	4250	1901090
95	4000	1900363
95	3750	1901002
95	3500	1900333
95	3250	1901178
95	3000	1900549
95	2750	1896996
95	2500	1896960
95	2250	1896726
95	2000	1896636
95	1750	1897505
95	1500	1897982
95	1250	1897989
95	1000	1898102
95	750	1897097
95	500	1897145
95	250	1891941
95	100	1893889
95	75	1880543
95	50	1883778
95	25	1891760
95	10000	1900894
95	9750	1899893
95	9500	1900252
95	9250	1900073
95	9000	1900484
95	8750	1900721
95	8500	1901214
95	8250	1900946
95	8000	1901034
95	7750	1900826
95	7500	1900769
95	7250	1900556
95	7000	1900972
95	6750	1900743
95	6500	1900839
95	6250	1900723
95	6000	1900847
95	5750	1900365
95	5500	1900625
95	5250	1900333
95	5000	1897638
95	4750	1897504
95	4500	1897632
95	4250	1897550
95	4000	1897881
95	3750	1897572
95	3500	1897740
95	3250	1897515
95	3000	1897505
95	2750	1900508
95	2500	1901230
95	2250	1900983
95	2000	1899279
95	1750	1897055
95	1500	1897299
95	1250	1896166
95	1000	1896204
95	750	1897122
95	500	1898022
95	250	1895781
95	100	1901594
95	75	1890605
95	50	1891222
95	25	1911569
95	10000	1901156
95	9750	1900737
95	9500	1901013
95	9250	1900896
95	9000	1900835
95	8750	1900865
95	8500	1899578
95	8250	1897776
95	8000	1897756
95	7750	1897604
95	7500	1897629
95	7250	1897724
95	7000	1897943
95	6750	1900415
95	6500	1900571
95	6250	1899995
95	6000	1898100
95	5750	1897916
95	5500	1897991
95	5250	1898100
95	5000	1898096
95	4750	1897980
95	4500	1898923
95	4250	1900267
95	4000	1900438
95	3750	1898211
95	3500	1897995
95	3250	1897971
95	3000	1898336
95	2750	1897884
95	2500	1897647
95	2250	1897735
95	2000	1897630
95	1750	1897389
95	1500	1897550
95	1250	1897518
95	1000	1900419
95	750	1895797
95	500	1901932
95	250	1903900
95	100	1908424
95	75	1892250
95	50	1902558
95	25	1910503
95	10000	1901071
95	9750	1900714
95	9500	1900789
95	9250	1901071
95	9000	1901116
95	8750	1900911
95	8500	1901070
95	8250	1900923
95	8000	1901164
95	7750	1901115
95	7500	1901071
95	7250	1900742
95	7000	1900787
95	6750	1900554
95	6500	1900688
95	6250	1900833
95	6000	1901198
95	5750	1901221
95	5500	1901329
95	5250	1901332
95	5000	1901559
95	4750	1901530
95	4500	1902125
95	4250	1901246
95	4000	1902039
95	3750	1901838
95	3500	1902055
95	3250	1901005
95	3000	1902007
95	2750	1901377
95	2500	1901908
95	2250	1902029
95	2000	1902558
95	1750	1902351
95	1500	1902686
95	1250	1902432
95	1000	1902756
95	750	1900457
95	500	1903907
95	250	1902916
95	100	1910769
95	75	1903725
95	50	1902365
95	25	1912072
95	10000	1901001
95	9750	1900865
95	9500	1900855
95	9250	1900356
95	9000	1900233
95	8750	1899786
95	8500	1899585
95	8250	1898142
95	8000	1900291
95	7750	1900428
95	7500	1900362
95	7250	1900293
95	7000	1900492
95	6750	1900132
95	6500	1900140
95	6250	1899513
95	6000	1899491
95	5750	1896330
95	5500	1897006
95	5250	1898259
95	5000	1896649
95	4750	1899028
95	4500	1898517
95	4250	1896095
95	4000	1896018
95	3750	1895957
95	3500	1896259
95	3250	1896709
95	3000	1897068
95	2750	1897044
95	2500	1896761
95	2250	1896652
95	2000	1899970
95	1750	1899530
95	1500	1901003
95	1250	1897820
95	1000	1899985
95	750	1896277
95	500	1896361
95	250	1895904
95	100	1894743
95	75	1884499
95	50	1889340
95	25	1911615
95	10000	1900921
95	9750	1901098
95	9500	1901022
95	9250	1901144
95	9000	1901085
95	8750	1901200
95	8500	1901356
95	8250	1901451
95	8000	1901248
95	7750	1901567
95	7500	1901530
95	7250	1901197
95	7000	1901063
95	6750	1900909
95	6500	1901124
95	6250	1900935
95	6000	1901097
95	5750	1901081
95	5500	1901576
95	5250	1901392
95	5000	1901109
95	4750	1901204
95	4500	1901089
95	4250	1900695
95	4000	1900725
95	3750	1900310
95	3500	1900490
95	3250	1900471
95	3000	1900814
95	2750	1900726
95	2500	1901191
95	2250	1900258
95	2000	1900623
95	1750	1899832
95	1500	1901860
95	1250	1902413
95	1000	1902765
95	750	1900716
95	500	1901040
95	250	1897736
95	100	1905312
95	75	1895093
95	50	1907213
95	25	1924382
95	10000	1901053
95	9750	1900543
95	9500	1900755
95	9250	1900305
95	9000	1900639
95	8750	1899689
95	8500	1900268
95	8250	1900521
95	8000	1900315
95	7750	1900224
95	7500	1899968
95	7250	1897470
95	7000	1897703
95	6750	1899035
95	6500	1897146
95	6250	1897149
95	6000	1897277
95	5750	1897260
95	5500	1897912
95	5250	1897883
95	5000	1899878
95	4750	1896819
95	4500	1896587
95	4250	1896391
95	4000	1896586
95	3750	1897255
95	3500	1896665
95	3250	1896275
95	3000	1896303
95	2750	1896348
95	2500	1896350
95	2250	1896385
95	2000	1898357
95	1750	1897538
95	1500	1897423
95	1250	1896654
95	1000	1898522
95	750	1897006
95	500	1895177
95	250	1896189
95	100	1905133
95	75	1891599
95	50	1890650
95	25	1902296
95	10000	1901050
95	9750	1900974
95	9500	1900939
95	9250	1900672
95	9000	1900698
95	8750	1899718
95	8500	1900799
95	8250	1900420
95	8000	1900623
95	7750	1900665
95	7500	1900851
95	7250	1900906
95	7000	1901022
95	6750	1900894
95	6500	1901230
95	6250	1901079
95	6000	1901094
95	5750	1900806
95	5500	1900814
95	5250	1900650
95	5000	1900937
95	4750	1900741
95	4500	1900947
95	4250	1900916
95	4000	1901190
95	3750	1900828
95	3500	1900902
95	3250	1900929
95	3000	1901587
95	2750	1901287
95	2500	1901296
95	2250	1900723
95	2000	1900765
95	1750	1900589
95	1500	1900904
95	1250	1901138
95	1000	1902569
95	750	1901522
95	500	1902016
95	250	1900013
95	100	1908507
95	75	1893227
95	50	1899614
95	25	1908727
80	10000	1978054
80	9750	1977979
80	9500	1978158
80	9250	1977946
80	9000	1976447
80	8750	1976537
80	8500	1976520
80	8250	1976523
80	8000	1976463
80	7750	1977735
80	7500	1978107
80	7250	1978028
80	7000	1978189
80	6750	1978263
80	6500	1978337
80	6250	1978236
80	6000	1978276
80	5750	1977984
80	5500	1978135
80	5250	1977004
80	5000	1976287
80	4750	1976298
80	4500	1976390
80	4250	1976359
80	4000	1976395
80	3750	1976363
80	3500	1976380
80	3250	1976221
80	3000	1976621
80	2750	1976828
80	2500	1976675
80	2250	1976176
80	2000	1976182
80	1750	1975891
80	1500	1975784
80	1250	1975759
80	1000	1975674
80	750	1976154
80	500	1977028
80	250	1977683
80	100	1980185
80	75	1980395
80	50	1979325
80	25	1982704
80	10000	1977387
80	9750	1976437
80	9500	1976370
80	9250	1976384
80	9000	1976475
80	8750	1976378
80	8500	1976354
80	8250	1976811
80	8000	1976453
80	7750	1978144
80	7500	1977805
80	7250	1976542
80	7000	1976385
80	6750	1976415
80	6500	1976361
80	6250	1976331
80	6000	1976429
80	5750	1976829
80	5500	1976477
80	5250	1978234
80	5000	1977515
80	4750	1977582
80	4500	1978289
80	4250	1977976
80	4000	1976627
80	3750	1976412
80	3500	1976474
80	3250	1976558
80	3000	1978008
80	2750	1978355
80	2500	1977295
80	2250	1976151
80	2000	1977660
80	1750	1978539
80	1500	1978344
80	1250	1978793
80	1000	1977851
80	750	1978516
80	500	1980208
80	250	1984755
80	100	1983900
80	75	1986832
80	50	1985770
80	25	1988596
80	10000	1976483
80	9750	1977281
80	9500	1977570
80	9250	1977304
80	9000	1976507
80	8750	1976425
80	8500	1976395
80	8250	1976327
80	8000	1976357
80	7750	1976404
80	7500	1976306
80	7250	1976315
80	7000	1976372
80	6750	1976416
80	6500	1976544
80	6250	1976504
80	6000	1976509
80	5750	1976466
80	5500	1976497
80	5250	1976586
80	5000	1976683
80	4750	1976632
80	4500	1976693
80	4250	1976419
80	4000	1976396
80	3750	1976357
80	3500	1976325
80	3250	1976367
80	3000	1976323
80	2750	1976248
80	2500	1976476
80	2250	1976484
80	2000	1976389
80	1750	1976752
80	1500	1976874
80	1250	1976908
80	1000	1976972
80	750	1977192
80	500	1977001
80	250	1976082
80	100	1977571
80	75	1978849
80	50	1981847
80	25	2034846
80	10000	1977155
80	9750	1978080
80	9500	1978189
80	9250	1978159
80	9000	1978067
80	8750	1977850
80	8500	1977836
80	8250	1977790
80	8000	1978036
80	7750	1978191
80	7500	1978319
80	7250	1978268
80	7000	1978223
80	6750	1978236
80	6500	1978305
80	6250	1977605
80	6000	1978317
80	5750	1978283
80	5500	1976589
80	5250	1976636
80	5000	1977889
80	4750	1978270
80	4500	1976617
80	4250	1976679
80	4000	1976827
80	3750	1976922
80	3500	1976714
80	3250	1976898
80	3000	1977899
80	2750	1976713
80	2500	1976704
80	2250	1978184
80	2000	1978150
80	1750	1976604
80	1500	1978273
80	1250	1978503
80	1000	1978611
80	750	1977958
80	500	1978936
80	250	1979292
80	100	1980050
80	75	1981053
80	50	1979348
80	25	2028924
80	10000	1976478
80	9750	1977102
80	9500	1978146
80	9250	1977881
80	9000	1978111
80	8750	1976506
80	8500	1978276
80	8250	1978297
80	8000	1978176
80	7750	1978145
80	7500	1978179
80	7250	1978388
80	7000	1978393
80	6750	1978496
80	6500	1978592
80	6250	1978455
80	6000	1978586
80	5750	1978672
80	5500	1978690
80	5250	1978779
80	5000	1978798
80	4750	1978797
80	4500	1978950
80	4250	1978957
80	4000	1978874
80	3750	1978801
80	3500	1978770
80	3250	1978774
80	3000	1978666
80	2750	1978357
80	2500	1978494
80	2250	1978600
80	2000	1978559
80	1750	1978415
80	1500	1978501
80	1250	1978582
80	1000	1978650
80	750	1978430
80	500	1978679
80	250	1981531
80	100	1980267
80	75	1980535
80	50	1980480
80	25	1984382
80	10000	1976552
80	9750	1977101
80	9500	1977881
80	9250	1977550
80	9000	1978196
80	8750	1978418
80	8500	1978328
80	8250	1978318
80	8000	1978298
80	7750	1978354
80	7500	1977943
80	7250	1978055
80	7000	1978197
80	6750	1978496
80	6500	1978492
80	6250	1978235
80	6000	1978473
80	5750	1978597
80	5500	1978606
80	5250	1978659
80	5000	1978692
80	4750	1978734
80	4500	1978722
80	4250	1978631
80	4000	1978841
80	3750	1978923
80	3500	1979127
80	3250	1979143
80	3000	1979165
80	2750	1979267
80	2500	1979270
80	2250	1979395
80	2000	1979136
80	1750	1979790
80	1500	1977500
80	1250	1977788
80	1000	1977800
80	750	1976689
80	500	1978629
80	250	1981493
80	100	1986012
80	75	1986067
80	50	1984243
80	25	1984766
80	10000	1978046
80	9750	1977826
80	9500	1976423
80	9250	1976461
80	9000	1976424
80	8750	1977201
80	8500	1977519
80	8250	1977866
80	8000	1977543
80	7750	1978234
80	7500	1978274
80	7250	1978328
80	7000	1978189
80	6750	1978193
80	6500	1977878
80	6250	1978253
80	6000	1978203
80	5750	1978275
80	5500	1978351
80	5250	1978389
80	5000	1978471
80	4750	1978382
80	4500	1978424
80	4250	1978396
80	4000	1978244
80	3750	1978034
80	3500	1978139
80	3250	1976339
80	3000	1976499
80	2750	1976422
80	2500	1976276
80	2250	1976371
80	2000	1976791
80	1750	1976743
80	1500	1977043
80	1250	1978538
80	1000	1976765
80	750	1975989
80	500	1975208
80	250	1976638
80	100	2032534
80	75	2031143
80	50	2030497
80	25	1985107
80	10000	1977159
80	9750	1976460
80	9500	1976427
80	9250	1978203
80	9000	1977708
80	8750	1978105
80	8500	1978083
80	8250	1978156
80	8000	1978292
80	7750	1978278
80	7500	1976541
80	7250	1976521
80	7000	1976409
80	6750	1976379
80	6500	1976307
80	6250	1976239
80	6000	1976066
80	5750	1976199
80	5500	1976382
80	5250	1976241
80	5000	1976069
80	4750	1976046
80	4500	1976220
80	4250	1976305
80	4000	1976041
80	3750	1976153
80	3500	1975970
80	3250	1976248
80	3000	1976278
80	2750	1976331
80	2500	1976332
80	2250	1976665
80	2000	1976527
80	1750	1977115
80	1500	1977219
80	1250	1979707
80	1000	1980185
80	750	1979726
80	500	1978739
80	250	1983561
80	100	1984345
80	75	1982535
80	50	1986132
80	25	1986770
80	10000	1976470
80	9750	1976363
80	9500	1976387
80	9250	1976436
80	9000	1976443
80	8750	1976454
80	8500	1976480
80	8250	1976495
80	8000	1976544
80	7750	1976556
80	7500	1976567
80	7250	1978338
80	7000	1976804
80	6750	1978156
80	6500	1978290
80	6250	1978338
80	6000	1978282
80	5750	1976530
80	5500	1977124
80	5250	1976537
80	5000	1977778
80	4750	1977556
80	4500	1977383
80	4250	1977944
80	4000	1976194
80	3750	1977447
80	3500	1978217
80	3250	1978325
80	3000	1978094
80	2750	1978138
80	2500	1978331
80	2250	1978579
80	2000	1978716
80	1750	1978484
80	1500	1978825
80	1250	1978915
80	1000	1979229
80	750	1979931
80	500	1978742
80	250	1978910
80	100	1982816
80	75	1983299
80	50	1982580
80	25	2038796
80	10000	1977625
80	9750	1977814
80	9500	1977857
80	9250	1977513
80	9000	1977966
80	8750	1978022
80	8500	1978061
80	8250	1978000
80	8000	1976386
80	7750	1976375
80	7500	1976400
80	7250	1976490
80	7000	1976471
80	6750	1976505
80	6500	1976545
80	6250	1976624
80	6000	1976584
80	5750	1976535
80	5500	1976470
80	5250	1976524
80	5000	1976593
80	4750	1976679
80	4500	1976712
80	4250	1976724
80	4000	1976687
80	3750	1976529
80	3500	1976561
80	3250	1976573
80	3000	1976786
80	2750	1976563
80	2500	1976274
80	2250	1976190
80	2000	1976075
80	1750	1976113
80	1500	1976018
80	1250	1976323
80	1000	1976921
80	750	1976360
80	500	1976487
80	250	1976877
80	100	1976352
80	75	1974993
80	50	1975754
80	25	1977742
70	10000	2047828
70	9750	2047846
70	9500	2047872
70	9250	2046693
70	9000	2047056
70	8750	2045867
70	8500	2045828
70	8250	2045652
70	8000	2046906
70	7750	2049000
70	7500	2049407
70	7250	2049724
70	7000	2049713
70	6750	2049883
70	6500	2050060
70	6250	2050368
70	6000	2050026
70	5750	2049100
70	5500	2049866
70	5250	2048512
70	5000	2047316
70	4750	2044386
70	4500	2038910
70	4250	2035996
70	4000	2011895
70	3750	2009631
70	3500	2013835
70	3250	2008727
70	3000	2008050
70	2750	2014021
70	2500	2027505
70	2250	2014419
70	2000	2005655
70	1750	2030000
70	1500	2046335
70	1250	2045071
70	1000	2010234
70	750	2000483
70	500	2001668
70	250	1999647
70	100	2050944
70	75	2010643
70	50	2043792
70	25	1999474
70	10000	2047768
70	9750	2046002
70	9500	2046624
70	9250	2047927
70	9000	2048447
70	8750	2048324
70	8500	2048705
70	8250	2048382
70	8000	2046091
70	7750	2047712
70	7500	2047084
70	7250	2047782
70	7000	2043040
70	6750	2038833
70	6500	2038198
70	6250	2044345
70	6000	2048099
70	5750	2045611
70	5500	2048989
70	5250	2049383
70	5000	2049584
70	4750	2049447
70	4500	2049448
70	4250	2047406
70	4000	2048607
70	3750	2041287
70	3500	2012885
70	3250	2031095
70	3000	2042882
70	2750	2045070
70	2500	2046267
70	2250	2049248
70	2000	2050569
70	1750	2051287
70	1500	2050756
70	1250	2050566
70	1000	2050693
70	750	2036184
70	500	2035714
70	250	2016719
70	100	2053321
70	75	2051640
70	50	2055896
70	25	2001257
70	10000	2044349
70	9750	2038953
70	9500	2036381
70	9250	2037159
70	9000	2042921
70	8750	2040838
70	8500	2026439
70	8250	2012012
70	8000	2016125
70	7750	2035465
70	7500	2028926
70	7250	2031608
70	7000	2032295
70	6750	2029616
70	6500	2033108
70	6250	2037878
70	6000	2042362
70	5750	2043790
70	5500	2045343
70	5250	2047827
70	5000	2040451
70	4750	2042746
70	4500	2033446
70	4250	2032588
70	4000	2016261
70	3750	2009441
70	3500	2007670
70	3250	2021969
70	3000	2043013
70	2750	2045605
70	2500	2035175
70	2250	2000721
70	2000	2015290
70	1750	1999645
70	1500	2006719
70	1250	2020085
70	1000	2045127
70	750	2049125
70	500	2045392
70	250	1998843
70	100	1999998
70	75	2000013
70	50	2053886
70	25	2057756
70	10000	2048073
70	9750	2048621
70	9500	2048825
70	9250	2049219
70	9000	2049378
70	8750	2049660
70	8500	2049287
70	8250	2049788
70	8000	2049621
70	7750	2049975
70	7500	2050127
70	7250	2050095
70	7000	2049682
70	6750	2049581
70	6500	2049687
70	6250	2049088
70	6000	2049549
70	5750	2049548
70	5500	2049246
70	5250	2048492
70	5000	2048465
70	4750	2049295
70	4500	2046458
70	4250	2043491
70	4000	2044502
70	3750	2044983
70	3500	2039536
70	3250	2040335
70	3000	2050800
70	2750	2050255
70	2500	2050261
70	2250	2050711
70	2000	2049725
70	1750	2050176
70	1500	2050973
70	1250	2051443
70	1000	2051564
70	750	2003853
70	500	1999417
70	250	2049384
70	100	1999124
70	75	2049399
70	50	2053751
70	25	2049553
70	10000	2045262
70	9750	2045099
70	9500	2043560
70	9250	2045958
70	9000	2043530
70	8750	2044877
70	8500	2048469
70	8250	2048158
70	8000	2049251
70	7750	2049096
70	7500	2049386
70	7250	2050000
70	7000	2050312
70	6750	2050167
70	6500	2050433
70	6250	2049826
70	6000	2050487
70	5750	2050774
70	5500	2050566
70	5250	2050470
70	5000	2051053
70	4750	2051161
70	4500	2051210
70	4250	2051530
70	4000	2051288
70	3750	2051235
70	3500	2050813
70	3250	2051264
70	3000	2051106
70	2750	2051294
70	2500	2051669
70	2250	2051739
70	2000	2051734
70	1750	2051556
70	1500	2051451
70	1250	2051534
70	1000	2051652
70	750	2051021
70	500	2051516
70	250	2000539
70	100	2051074
70	75	2051011
70	50	2052553
70	25	1999320
70	10000	2047110
70	9750	2048197
70	9500	2049084
70	9250	2048851
70	9000	2047446
70	8750	2049029
70	8500	2048674
70	8250	2048291
70	8000	2049305
70	7750	2049421
70	7500	2049183
70	7250	2049452
70	7000	2049776
70	6750	2050505
70	6500	2050448
70	6250	2050224
70	6000	2050483
70	5750	2050286
70	5500	2050793
70	5250	2050999
70	5000	2050745
70	4750	2049808
70	4500	2049850
70	4250	2049437
70	4000	2049947
70	3750	2051448
70	3500	2051907
70	3250	2051970
70	3000	2051916
70	2750	2051576
70	2500	2051987
70	2250	2051173
70	2000	2050775
70	1750	2052022
70	1500	2051616
70	1250	2051871
70	1000	2048100
70	750	2050641
70	500	2000560
70	250	2001707
70	100	2018951
70	75	2000232
70	50	2002001
70	25	1999836
70	10000	2048822
70	9750	2048527
70	9500	2049301
70	9250	2049588
70	9000	2050216
70	8750	2050398
70	8500	2050288
70	8250	2050157
70	8000	2050377
70	7750	2050613
70	7500	2050473
70	7250	2050575
70	7000	2050395
70	6750	2050634
70	6500	2050194
70	6250	2050523
70	6000	2050397
70	5750	2051065
70	5500	2051095
70	5250	2051304
70	5000	2051467
70	4750	2051214
70	4500	2051546
70	4250	2051489
70	4000	2051497
70	3750	2051503
70	3500	2051724
70	3250	2051815
70	3000	2051795
70	2750	2051776
70	2500	2051879
70	2250	2051811
70	2000	2050289
70	1750	2051291
70	1500	2052154
70	1250	2051872
70	1000	2051921
70	750	2051853
70	500	2051880
70	250	2052432
70	100	2053755
70	75	2052421
70	50	2051469
70	25	2049951
70	10000	2045965
70	9750	2043363
70	9500	2047144
70	9250	2048509
70	9000	2048938
70	8750	2048421
70	8500	2048274
70	8250	2047887
70	8000	2046064
70	7750	2047658
70	7500	2044131
70	7250	2045248
70	7000	2040028
70	6750	2045594
70	6500	2038376
70	6250	2046301
70	6000	2020268
70	5750	2005959
70	5500	1999482
70	5250	1999399
70	5000	1999362
70	4750	1999330
70	4500	1999350
70	4250	1999383
70	4000	1999339
70	3750	1999306
70	3500	1999411
70	3250	2005170
70	3000	1999808
70	2750	1999369
70	2500	1999573
70	2250	1999488
70	2000	1999544
70	1750	1999659
70	1500	1999625
70	1250	1999769
70	1000	1999943
70	750	1999995
70	500	2000951
70	250	2038622
70	100	2052248
70	75	1999626
70	50	2002741
70	25	1999389
70	10000	2044672
70	9750	2047084
70	9500	2043517
70	9250	2042690
70	9000	2042685
70	8750	2037275
70	8500	2045538
70	8250	2045752
70	8000	2039102
70	7750	2032484
70	7500	2041087
70	7250	2039320
70	7000	2030358
70	6750	2019541
70	6500	2018278
70	6250	2012620
70	6000	2012572
70	5750	2002662
70	5500	2003684
70	5250	2023030
70	5000	2032004
70	4750	2038549
70	4500	2048365
70	4250	2048992
70	4000	2043877
70	3750	2041211
70	3500	2045351
70	3250	2049176
70	3000	2048924
70	2750	2044422
70	2500	2048712
70	2250	2043734
70	2000	1999849
70	1750	1999293
70	1500	2003273
70	1250	2048050
70	1000	2047544
70	750	2050897
70	500	2051134
70	250	2052040
70	100	2050280
70	75	2052076
70	50	2053491
70	25	2055380
70	10000	2046862
70	9750	2047135
70	9500	2046532
70	9250	2046161
70	9000	2047120
70	8750	2048305
70	8500	2047354
70	8250	2047852
70	8000	2037053
70	7750	2034878
70	7500	2044587
70	7250	2047657
70	7000	2047404
70	6750	2048293
70	6500	2047842
70	6250	2048558
70	6000	2049536
70	5750	2049542
70	5500	2049169
70	5250	2047136
70	5000	2048775
70	4750	2048730
70	4500	2047419
70	4250	2047315
70	4000	2045201
70	3750	2042674
70	3500	2048152
70	3250	2048901
70	3000	2047128
70	2750	2046432
70	2500	2027586
70	2250	2006884
70	2000	2038107
70	1750	1999276
70	1500	2002863
70	1250	2014883
70	1000	1999665
70	750	2030026
70	500	2004954
70	250	2052289
70	100	2047041
70	75	1996562
70	50	1998359
70	25	1994456
60	10000	2067974
60	9750	2067959
60	9500	2067926
60	9250	2067889
60	9000	2067875
60	8750	2067897
60	8500	2067917
60	8250	2067869
60	8000	2067868
60	7750	2067861
60	7500	2067834
60	7250	2067831
60	7000	2067772
60	6750	2067808
60	6500	2067866
60	6250	2067823
60	6000	2067849
60	5750	2067747
60	5500	2067740
60	5250	2067718
60	5000	2067715
60	4750	2067695
60	4500	2067730
60	4250	2067719
60	4000	2067692
60	3750	2067729
60	3500	2067793
60	3250	2067796
60	3000	2067835
60	2750	2067846
60	2500	2067857
60	2250	2067640
60	2000	2067728
60	1750	2067602
60	1500	2067658
60	1250	2067637
60	1000	2067811
60	750	2067594
60	500	2067642
60	250	2066331
60	100	2068270
60	75	2068940
60	50	2067131
60	25	2068932
60	10000	2067979
60	9750	2067976
60	9500	2067915
60	9250	2067953
60	9000	2067973
60	8750	2067892
60	8500	2067951
60	8250	2067958
60	8000	2067893
60	7750	2067933
60	7500	2067969
60	7250	2067985
60	7000	2067931
60	6750	2067960
60	6500	2067927
60	6250	2067920
60	6000	2067922
60	5750	2067905
60	5500	2067989
60	5250	2067973
60	5000	2067960
60	4750	2067888
60	4500	2067954
60	4250	2067977
60	4000	2067980
60	3750	2067950
60	3500	2067965
60	3250	2067942
60	3000	2067704
60	2750	2067729
60	2500	2067820
60	2250	2067783
60	2000	2067709
60	1750	2067852
60	1500	2067794
60	1250	2067608
60	1000	2068116
60	750	2068270
60	500	2069142
60	250	2070019
60	100	2070208
60	75	2070493
60	50	2069978
60	25	2080193
60	10000	2067921
60	9750	2067948
60	9500	2067924
60	9250	2067918
60	9000	2067946
60	8750	2067936
60	8500	2067852
60	8250	2067853
60	8000	2067855
60	7750	2067857
60	7500	2067817
60	7250	2067825
60	7000	2067846
60	6750	2067849
60	6500	2067945
60	6250	2067910
60	6000	2067970
60	5750	2067877
60	5500	2067921
60	5250	2068014
60	5000	2068046
60	4750	2067944
60	4500	2068027
60	4250	2068077
60	4000	2068040
60	3750	2068145
60	3500	2068208
60	3250	2068255
60	3000	2068217
60	2750	2068288
60	2500	2068203
60	2250	2068158
60	2000	2068175
60	1750	2068417
60	1500	2068527
60	1250	2068273
60	1000	2067716
60	750	2067652
60	500	2068129
60	250	2067152
60	100	2065834
60	75	2068901
60	50	2068672
60	25	2075417
60	10000	2067975
60	9750	2068030
60	9500	2068022
60	9250	2068011
60	9000	2068032
60	8750	2068035
60	8500	2068066
60	8250	2067977
60	8000	2067992
60	7750	2068009
60	7500	2068012
60	7250	2068011
60	7000	2067935
60	6750	2067896
60	6500	2067885
60	6250	2067913
60	6000	2067750
60	5750	2067744
60	5500	2067913
60	5250	2067948
60	5000	2067840
60	4750	2067806
60	4500	2067810
60	4250	2067769
60	4000	2067832
60	3750	2067860
60	3500	2067908
60	3250	2067843
60	3000	2067850
60	2750	2067999
60	2500	2067961
60	2250	2067800
60	2000	2067738
60	1750	2067491
60	1500	2067534
60	1250	2067699
60	1000	2067271
60	750	2066860
60	500	2066695
60	250	2067783
60	100	2067204
60	75	2068358
60	50	2068686
60	25	2068265
60	10000	2067930
60	9750	2067951
60	9500	2067953
60	9250	2067979
60	9000	2067970
60	8750	2067977
60	8500	2067988
60	8250	2067975
60	8000	2067985
60	7750	2067990
60	7500	2067981
60	7250	2067988
60	7000	2068016
60	6750	2068046
60	6500	2068011
60	6250	2068047
60	6000	2068039
60	5750	2067899
60	5500	2067902
60	5250	2068128
60	5000	2067993
60	4750	2068190
60	4500	2068206
60	4250	2068267
60	4000	2068404
60	3750	2068100
60	3500	2068137
60	3250	2068344
60	3000	2068166
60	2750	2068161
60	2500	2068191
60	2250	2068204
60	2000	2068158
60	1750	2068072
60	1500	2068001
60	1250	2068124
60	1000	2068271
60	750	2067866
60	500	2068220
60	250	2066650
60	100	2068302
60	75	2068047
60	50	2068957
60	25	2068645
60	10000	2067954
60	9750	2067969
60	9500	2068000
60	9250	2067993
60	9000	2067959
60	8750	2067984
60	8500	2067974
60	8250	2067918
60	8000	2067930
60	7750	2067853
60	7500	2067872
60	7250	2067908
60	7000	2067879
60	6750	2067957
60	6500	2067990
60	6250	2067970
60	6000	2068020
60	5750	2068029
60	5500	2068139
60	5250	2067935
60	5000	2067990
60	4750	2067988
60	4500	2068001
60	4250	2068057
60	4000	2068067
60	3750	2068018
60	3500	2068056
60	3250	2068143
60	3000	2068054
60	2750	2068115
60	2500	2068404
60	2250	2068442
60	2000	2068411
60	1750	2068424
60	1500	2068423
60	1250	2068900
60	1000	2069046
60	750	2068891
60	500	2066455
60	250	2066847
60	100	2067501
60	75	2067585
60	50	2065726
60	25	2014163
60	10000	2068012
60	9750	2067996
60	9500	2068003
60	9250	2067992
60	9000	2068019
60	8750	2068062
60	8500	2068063
60	8250	2068054
60	8000	2068061
60	7750	2068032
60	7500	2068039
60	7250	2068053
60	7000	2068080
60	6750	2068063
60	6500	2068020
60	6250	2068045
60	6000	2068029
60	5750	2067999
60	5500	2068009
60	5250	2068026
60	5000	2067888
60	4750	2067843
60	4500	2067804
60	4250	2067657
60	4000	2067676
60	3750	2067700
60	3500	2067822
60	3250	2067787
60	3000	2067861
60	2750	2068009
60	2500	2067991
60	2250	2067972
60	2000	2067889
60	1750	2067696
60	1500	2067708
60	1250	2067315
60	1000	2066790
60	750	2066951
60	500	2066941
60	250	2068329
60	100	2067099
60	75	2066105
60	50	2065238
60	25	2066524
60	10000	2067975
60	9750	2067976
60	9500	2067971
60	9250	2068025
60	9000	2068055
60	8750	2068046
60	8500	2068060
60	8250	2068084
60	8000	2068032
60	7750	2068059
60	7500	2068057
60	7250	2068067
60	7000	2068015
60	6750	2067998
60	6500	2067926
60	6250	2067904
60	6000	2068023
60	5750	2068029
60	5500	2067986
60	5250	2067974
60	5000	2067922
60	4750	2068002
60	4500	2068078
60	4250	2068137
60	4000	2068027
60	3750	2068066
60	3500	2068124
60	3250	2068139
60	3000	2068175
60	2750	2068104
60	2500	2068059
60	2250	2068057
60	2000	2068107
60	1750	2068159
60	1500	2067869
60	1250	2067545
60	1000	2066218
60	750	2066602
60	500	2067379
60	250	2069388
60	100	2069011
60	75	2065807
60	50	2067060
60	25	2066132
60	10000	2067938
60	9750	2067972
60	9500	2067974
60	9250	2067978
60	9000	2067966
60	8750	2067947
60	8500	2067985
60	8250	2068013
60	8000	2068003
60	7750	2067977
60	7500	2068010
60	7250	2067853
60	7000	2067865
60	6750	2067881
60	6500	2067873
60	6250	2067864
60	6000	2067831
60	5750	2067779
60	5500	2067761
60	5250	2067738
60	5000	2067700
60	4750	2067674
60	4500	2067605
60	4250	2067556
60	4000	2067538
60	3750	2067550
60	3500	2067561
60	3250	2067615
60	3000	2067551
60	2750	2067586
60	2500	2067557
60	2250	2067721
60	2000	2067779
60	1750	2068253
60	1500	2067972
60	1250	2068180
60	1000	2068083
60	750	2068140
60	500	2068012
60	250	2068384
60	100	2068682
60	75	2069478
60	50	2068194
60	25	2070242
60	10000	2067977
60	9750	2067977
60	9500	2067968
60	9250	2067944
60	9000	2067985
60	8750	2067993
60	8500	2067997
60	8250	2067982
60	8000	2067918
60	7750	2067876
60	7500	2067880
60	7250	2067941
60	7000	2067918
60	6750	2067926
60	6500	2067938
60	6250	2067879
60	6000	2067983
60	5750	2068014
60	5500	2067951
60	5250	2067941
60	5000	2067995
60	4750	2068129
60	4500	2068156
60	4250	2068190
60	4000	2068178
60	3750	2068242
60	3500	2068254
60	3250	2068126
60	3000	2068214
60	2750	2068274
60	2500	2067926
60	2250	2068019
60	2000	2067846
60	1750	2067798
60	1500	2068079
60	1250	2068669
60	1000	2068119
60	750	2067991
60	500	2068108
60	250	2069232
60	100	2070131
60	75	2069679
60	50	2070412
60	25	2068622
50	10000	2077551
50	9750	2077542
50	9500	2077527
50	9250	2077498
50	9000	2077489
50	8750	2077533
50	8500	2077562
50	8250	2077523
50	8000	2077503
50	7750	2077479
50	7500	2077461
50	7250	2077417
50	7000	2077376
50	6750	2077354
50	6500	2077416
50	6250	2077388
50	6000	2077378
50	5750	2077347
50	5500	2077307
50	5250	2077356
50	5000	2077310
50	4750	2077279
50	4500	2077386
50	4250	2077423
50	4000	2077432
50	3750	2077446
50	3500	2077512
50	3250	2077522
50	3000	2077600
50	2750	2077600
50	2500	2077607
50	2250	2077471
50	2000	2077492
50	1750	2077293
50	1500	2077235
50	1250	2077102
50	1000	2077196
50	750	2077269
50	500	2077301
50	250	2076935
50	100	2078061
50	75	2077416
50	50	2076997
50	25	2075958
50	10000	2077546
50	9750	2077552
50	9500	2077518
50	9250	2077510
50	9000	2077524
50	8750	2077498
50	8500	2077484
50	8250	2077487
50	8000	2077476
50	7750	2077488
50	7500	2077529
50	7250	2077491
50	7000	2077441
50	6750	2077486
50	6500	2077424
50	6250	2077389
50	6000	2077372
50	5750	2077391
50	5500	2077477
50	5250	2077441
50	5000	2077436
50	4750	2077383
50	4500	2077416
50	4250	2077479
50	4000	2077570
50	3750	2077616
50	3500	2077664
50	3250	2077600
50	3000	2077525
50	2750	2077418
50	2500	2077420
50	2250	2077376
50	2000	2077276
50	1750	2077356
50	1500	2077315
50	1250	2077287
50	1000	2077565
50	750	2077745
50	500	2078103
50	250	2078603
50	100	2078894
50	75	2079290
50	50	2085693
50	25	2089746
50	10000	2077555
50	9750	2077570
50	9500	2077534
50	9250	2077531
50	9000	2077545
50	8750	2077510
50	8500	2077471
50	8250	2077465
50	8000	2077489
50	7750	2077494
50	7500	2077456
50	7250	2077454
50	7000	2077470
50	6750	2077468
50	6500	2077481
50	6250	2077422
50	6000	2077474
50	5750	2077450
50	5500	2077519
50	5250	2077536
50	5000	2077554
50	4750	2077495
50	4500	2077560
50	4250	2077614
50	4000	2077607
50	3750	2077629
50	3500	2077614
50	3250	2077654
50	3000	2077556
50	2750	2077546
50	2500	2077481
50	2250	2077559
50	2000	2077539
50	1750	2077770
50	1500	2077848
50	1250	2077822
50	1000	2077665
50	750	2077424
50	500	2077656
50	250	2077368
50	100	2077787
50	75	2078167
50	50	2084302
50	25	2084533
50	10000	2077572
50	9750	2077570
50	9500	2077563
50	9250	2077552
50	9000	2077566
50	8750	2077526
50	8500	2077580
50	8250	2077530
50	8000	2077510
50	7750	2077550
50	7500	2077545
50	7250	2077559
50	7000	2077548
50	6750	2077549
50	6500	2077549
50	6250	2077584
50	6000	2077544
50	5750	2077557
50	5500	2077593
50	5250	2077699
50	5000	2077659
50	4750	2077663
50	4500	2077628
50	4250	2077563
50	4000	2077566
50	3750	2077629
50	3500	2077652
50	3250	2077612
50	3000	2077657
50	2750	2077631
50	2500	2077583
50	2250	2077545
50	2000	2077525
50	1750	2077436
50	1500	2077452
50	1250	2077670
50	1000	2077472
50	750	2077339
50	500	2077456
50	250	2077357
50	100	2077652
50	75	2077422
50	50	2077173
50	25	2075970
50	10000	2077545
50	9750	2077540
50	9500	2077533
50	9250	2077556
50	9000	2077555
50	8750	2077549
50	8500	2077483
50	8250	2077492
50	8000	2077473
50	7750	2077465
50	7500	2077448
50	7250	2077447
50	7000	2077509
50	6750	2077552
50	6500	2077460
50	6250	2077522
50	6000	2077445
50	5750	2077421
50	5500	2077435
50	5250	2077462
50	5000	2077518
50	4750	2077533
50	4500	2077533
50	4250	2077582
50	4000	2077557
50	3750	2077434
50	3500	2077521
50	3250	2077538
50	3000	2077496
50	2750	2077513
50	2500	2077539
50	2250	2077526
50	2000	2077487
50	1750	2077431
50	1500	2077350
50	1250	2077349
50	1000	2077371
50	750	2077255
50	500	2077598
50	250	2078696
50	100	2078612
50	75	2077002
50	50	2078084
50	25	2076346
50	10000	2077578
50	9750	2077552
50	9500	2077551
50	9250	2077603
50	9000	2077570
50	8750	2077581
50	8500	2077564
50	8250	2077531
50	8000	2077555
50	7750	2077494
50	7500	2077506
50	7250	2077492
50	7000	2077511
50	6750	2077504
50	6500	2077548
50	6250	2077525
50	6000	2077564
50	5750	2077640
50	5500	2077667
50	5250	2077659
50	5000	2077728
50	4750	2077692
50	4500	2077723
50	4250	2077716
50	4000	2077745
50	3750	2077725
50	3500	2077746
50	3250	2077764
50	3000	2077800
50	2750	2077901
50	2500	2078028
50	2250	2078122
50	2000	2078098
50	1750	2078055
50	1500	2078011
50	1250	2078214
50	1000	2078328
50	750	2078134
50	500	2078033
50	250	2078386
50	100	2079191
50	75	2079650
50	50	2080597
50	25	2074772
50	10000	2077560
50	9750	2077553
50	9500	2077539
50	9250	2077523
50	9000	2077536
50	8750	2077556
50	8500	2077576
50	8250	2077561
50	8000	2077529
50	7750	2077490
50	7500	2077499
50	7250	2077505
50	7000	2077594
50	6750	2077544
50	6500	2077523
50	6250	2077524
50	6000	2077507
50	5750	2077475
50	5500	2077505
50	5250	2077492
50	5000	2077495
50	4750	2077469
50	4500	2077428
50	4250	2077410
50	4000	2077434
50	3750	2077428
50	3500	2077477
50	3250	2077559
50	3000	2077595
50	2750	2077664
50	2500	2077601
50	2250	2077592
50	2000	2077604
50	1750	2077510
50	1500	2077553
50	1250	2077112
50	1000	2076999
50	750	2076793
50	500	2076754
50	250	2076996
50	100	2076415
50	75	2076120
50	50	2075639
50	25	2077761
50	10000	2077580
50	9750	2077584
50	9500	2077538
50	9250	2077599
50	9000	2077591
50	8750	2077586
50	8500	2077584
50	8250	2077590
50	8000	2077599
50	7750	2077545
50	7500	2077600
50	7250	2077602
50	7000	2077571
50	6750	2077542
50	6500	2077596
50	6250	2077518
50	6000	2077619
50	5750	2077598
50	5500	2077542
50	5250	2077483
50	5000	2077489
50	4750	2077538
50	4500	2077516
50	4250	2077611
50	4000	2077594
50	3750	2077557
50	3500	2077526
50	3250	2077466
50	3000	2077535
50	2750	2077559
50	2500	2077644
50	2250	2077635
50	2000	2077683
50	1750	2077776
50	1500	2077690
50	1250	2077756
50	1000	2077969
50	750	2078049
50	500	2078330
50	250	2078127
50	100	2078104
50	75	2077809
50	50	2085798
50	25	2076089
50	10000	2077570
50	9750	2077584
50	9500	2077567
50	9250	2077589
50	9000	2077579
50	8750	2077587
50	8500	2077582
50	8250	2077611
50	8000	2077604
50	7750	2077631
50	7500	2077598
50	7250	2077555
50	7000	2077603
50	6750	2077607
50	6500	2077602
50	6250	2077588
50	6000	2077608
50	5750	2077603
50	5500	2077578
50	5250	2077570
50	5000	2077525
50	4750	2077495
50	4500	2077415
50	4250	2077267
50	4000	2077317
50	3750	2077325
50	3500	2077342
50	3250	2077313
50	3000	2077262
50	2750	2077297
50	2500	2077252
50	2250	2077283
50	2000	2077526
50	1750	2077312
50	1500	2077274
50	1250	2077473
50	1000	2077717
50	750	2077511
50	500	2077444
50	250	2077596
50	100	2078385
50	75	2077927
50	50	2078312
50	25	2076799
50	10000	2077555
50	9750	2077556
50	9500	2077548
50	9250	2077554
50	9000	2077534
50	8750	2077522
50	8500	2077524
50	8250	2077543
50	8000	2077565
50	7750	2077572
50	7500	2077578
50	7250	2077600
50	7000	2077591
50	6750	2077602
50	6500	2077626
50	6250	2077598
50	6000	2077601
50	5750	2077632
50	5500	2077629
50	5250	2077685
50	5000	2077687
50	4750	2077783
50	4500	2077850
50	4250	2077857
50	4000	2077866
50	3750	2077863
50	3500	2077867
50	3250	2077826
50	3000	2077942
50	2750	2077910
50	2500	2077802
50	2250	2077852
50	2000	2077796
50	1750	2077876
50	1500	2078036
50	1250	2078128
50	1000	2078196
50	750	2078117
50	500	2078324
50	250	2078574
50	100	2078878
50	75	2079536
50	50	2080649
50	25	2076925
99	10000	1752251
99	9750	1751364
99	9500	1751805
99	9250	1750869
99	9000	1750333
99	8750	1750967
99	8500	1752043
99	8250	1751532
99	8000	1751576
99	7750	1749542
99	7500	1751070
99	7250	1749137
99	7000	1749661
99	6750	1746985
99	6500	1747965
99	6250	1743545
99	6000	1743673
99	5750	1746808
99	5500	1749371
99	5250	1748935
99	5000	1749196
99	4750	1747000
99	4500	1748563
99	4250	1742039
99	4000	1745803
99	3750	1741119
99	3500	1742315
99	3250	1739864
99	3000	1741318
99	2750	1741656
99	2500	1744454
99	2250	1737099
99	2000	1740026
99	1750	1731992
99	1500	1734697
99	1250	1727190
99	1000	1734095
99	750	1729262
99	500	1743940
99	250	1754640
99	100	1800441
99	75	1644851
99	50	1723183
99	25	1764844
99	10000	1752568
99	9750	1751562
99	9500	1751660
99	9250	1751051
99	9000	1752737
99	8750	1752536
99	8500	1753918
99	8250	1754000
99	8000	1755008
99	7750	1754311
99	7500	1755349
99	7250	1753869
99	7000	1754230
99	6750	1753889
99	6500	1754444
99	6250	1752407
99	6000	1754228
99	5750	1753430
99	5500	1755921
99	5250	1753984
99	5000	1756087
99	4750	1754420
99	4500	1754362
99	4250	1753447
99	4000	1754578
99	3750	1752900
99	3500	1755443
99	3250	1753663
99	3000	1754550
99	2750	1753750
99	2500	1755429
99	2250	1751195
99	2000	1754357
99	1750	1752016
99	1500	1750814
99	1250	1745597
99	1000	1762776
99	750	1752291
99	500	1763743
99	250	1762727
99	100	1825210
99	75	1734458
99	50	1760951
99	25	1820207
99	10000	1752250
99	9750	1750883
99	9500	1751439
99	9250	1751053
99	9000	1752131
99	8750	1750367
99	8500	1751913
99	8250	1751001
99	8000	1752345
99	7750	1751411
99	7500	1752074
99	7250	1750344
99	7000	1750755
99	6750	1749911
99	6500	1751971
99	6250	1751322
99	6000	1751695
99	5750	1749467
99	5500	1751818
99	5250	1750896
99	5000	1752359
99	4750	1749255
99	4500	1752014
99	4250	1749424
99	4000	1751260
99	3750	1749955
99	3500	1751037
99	3250	1750215
99	3000	1751496
99	2750	1750132
99	2500	1751664
99	2250	1748205
99	2000	1750924
99	1750	1747392
99	1500	1751732
99	1250	1749779
99	1000	1754530
99	750	1744641
99	500	1751908
99	250	1729842
99	100	1768808
99	75	1617632
99	50	1668214
99	25	1731799
99	10000	1752655
99	9750	1751800
99	9500	1753401
99	9250	1752695
99	9000	1753367
99	8750	1752238
99	8500	1753262
99	8250	1751910
99	8000	1752093
99	7750	1751660
99	7500	1752304
99	7250	1752411
99	7000	1754385
99	6750	1754276
99	6500	1756457
99	6250	1756043
99	6000	1757016
99	5750	1755281
99	5500	1755577
99	5250	1755642
99	5000	1757256
99	4750	1755529
99	4500	1756978
99	4250	1755953
99	4000	1759757
99	3750	1757640
99	3500	1760661
99	3250	1757954
99	3000	1759460
99	2750	1755725
99	2500	1755325
99	2250	1751844
99	2000	1753943
99	1750	1747868
99	1500	1754949
99	1250	1737619
99	1000	1736184
99	750	1745502
99	500	1749076
99	250	1739035
99	100	1775092
99	75	1671056
99	50	1726059
99	25	1814564
99	10000	1752249
99	9750	1751510
99	9500	1752369
99	9250	1750961
99	9000	1751837
99	8750	1752445
99	8500	1752808
99	8250	1752367
99	8000	1753794
99	7750	1752392
99	7500	1753578
99	7250	1752971
99	7000	1754647
99	6750	1754166
99	6500	1755582
99	6250	1754419
99	6000	1756106
99	5750	1754264
99	5500	1756059
99	5250	1755613
99	5000	1756906
99	4750	1755602
99	4500	1758559
99	4250	1756471
99	4000	1758256
99	3750	1756968
99	3500	1757608
99	3250	1755423
99	3000	1757865
99	2750	1751210
99	2500	1753491
99	2250	1753755
99	2000	1756770
99	1750	1751983
99	1500	1754670
99	1250	1747162
99	1000	1755635
99	750	1740873
99	500	1762973
99	250	1759079
99	100	1797888
99	75	1638765
99	50	1702270
99	25	1812455
99	10000	1752433
99	9750	1751211
99	9500	1751923
99	9250	1752061
99	9000	1752074
99	8750	1750670
99	8500	1751889
99	8250	1750267
99	8000	1751065
99	7750	1749755
99	7500	1750368
99	7250	1748281
99	7000	1749694
99	6750	1748381
99	6500	1749520
99	6250	1748610
99	6000	1750724
99	5750	1749116
99	5500	1750375
99	5250	1749105
99	5000	1750103
99	4750	1747313
99	4500	1748240
99	4250	1746125
99	4000	1749658
99	3750	1747981
99	3500	1749837
99	3250	1744132
99	3000	1747491
99	2750	1750041
99	2500	1749290
99	2250	1750699
99	2000	1757810
99	1750	1753672
99	1500	1756512
99	1250	1752763
99	1000	1756953
99	750	1726830
99	500	1747958
99	250	1731764
99	100	1786045
99	75	1688483
99	50	1741603
99	25	1841345
99	10000	1752023
99	9750	1750782
99	9500	1751161
99	9250	1749749
99	9000	1750219
99	8750	1749323
99	8500	1750306
99	8250	1749690
99	8000	1750397
99	7750	1749331
99	7500	1749312
99	7250	1748075
99	7000	1748742
99	6750	1746529
99	6500	1747125
99	6250	1745282
99	6000	1746375
99	5750	1744625
99	5500	1747009
99	5250	1744526
99	5000	1746279
99	4750	1742711
99	4500	1745962
99	4250	1743754
99	4000	1742243
99	3750	1742117
99	3500	1745213
99	3250	1744558
99	3000	1749005
99	2750	1750620
99	2500	1754169
99	2250	1750456
99	2000	1752686
99	1750	1750479
99	1500	1754726
99	1250	1743884
99	1000	1754546
99	750	1747168
99	500	1760595
99	250	1739133
99	100	1793023
99	75	1653333
99	50	1722145
99	25	1791296
99	10000	1752208
99	9750	1751659
99	9500	1751765
99	9250	1751706
99	9000	1751800
99	8750	1751559
99	8500	1753101
99	8250	1753332
99	8000	1753397
99	7750	1752794
99	7500	1752603
99	7250	1751353
99	7000	1751555
99	6750	1746552
99	6500	1745209
99	6250	1739850
99	6000	1748506
99	5750	1749648
99	5500	1751830
99	5250	1747547
99	5000	1746342
99	4750	1747242
99	4500	1749248
99	4250	1747217
99	4000	1747844
99	3750	1743107
99	3500	1744950
99	3250	1742266
99	3000	1740596
99	2750	1746942
99	2500	1749961
99	2250	1743627
99	2000	1742574
99	1750	1736476
99	1500	1740678
99	1250	1739346
99	1000	1762316
99	750	1754495
99	500	1770483
99	250	1742016
99	100	1787807
99	75	1657390
99	50	1715496
99	25	1837018
99	10000	1751967
99	9750	1750829
99	9500	1751358
99	9250	1751149
99	9000	1751719
99	8750	1751177
99	8500	1751853
99	8250	1750739
99	8000	1751465
99	7750	1750679
99	7500	1751151
99	7250	1749785
99	7000	1751591
99	6750	1751032
99	6500	1752175
99	6250	1751212
99	6000	1753377
99	5750	1752745
99	5500	1753671
99	5250	1753064
99	5000	1753528
99	4750	1750531
99	4500	1750928
99	4250	1749035
99	4000	1751241
99	3750	1750841
99	3500	1752857
99	3250	1749861
99	3000	1751810
99	2750	1750797
99	2500	1753225
99	2250	1750258
99	2000	1756772
99	1750	1748425
99	1500	1751866
99	1250	1747321
99	1000	1756524
99	750	1748526
99	500	1747448
99	250	1744070
99	100	1775920
99	75	1638724
99	50	1695449
99	25	1781476
99	10000	1752570
99	9750	1751733
99	9500	1752211
99	9250	1751844
99	9000	1752423
99	8750	1750754
99	8500	1751497
99	8250	1749838
99	8000	1750706
99	7750	1748815
99	7500	1749591
99	7250	1748934
99	7000	1749864
99	6750	1748596
99	6500	1751821
99	6250	1750484
99	6000	1751685
99	5750	1748868
99	5500	1750132
99	5250	1747810
99	5000	1749173
99	4750	1748184
99	4500	1750153
99	4250	1748268
99	4000	1750877
99	3750	1748285
99	3500	1749932
99	3250	1748955
99	3000	1753173
99	2750	1750692
99	2500	1751753
99	2250	1749149
99	2000	1754503
99	1750	1752591
99	1500	1759327
99	1250	1756725
99	1000	1767378
99	750	1758044
99	500	1764914
99	250	1765865
99	100	1794521
99	75	1646419
99	50	1741060
99	25	1817430
98	10000	1829401
98	9750	1829562
98	9500	1829576
98	9250	1828849
98	9000	1828957
98	8750	1829112
98	8500	1829213
98	8250	1829333
98	8000	1829170
98	7750	1829567
98	7500	1829166
98	7250	1829770
98	7000	1829458
98	6750	1828883
98	6500	1828801
98	6250	1828149
98	6000	1827544
98	5750	1827451
98	5500	1826575
98	5250	1826477
98	5000	1827070
98	4750	1827150
98	4500	1828251
98	4250	1828071
98	4000	1829675
98	3750	1829350
98	3500	1830401
98	3250	1829733
98	3000	1831179
98	2750	1831924
98	2500	1831014
98	2250	1828381
98	2000	1828963
98	1750	1828328
98	1500	1829178
98	1250	1827850
98	1000	1827441
98	750	1830485
98	500	1832815
98	250	1840821
98	100	1852984
98	75	1822690
98	50	1860624
98	25	1764844
98	10000	1829562
98	9750	1829742
98	9500	1829192
98	9250	1829481
98	9000	1829529
98	8750	1829569
98	8500	1829990
98	8250	1830113
98	8000	1830225
98	7750	1830937
98	7500	1830637
98	7250	1831060
98	7000	1830921
98	6750	1831272
98	6500	1831073
98	6250	1830388
98	6000	1830617
98	5750	1830650
98	5500	1831166
98	5250	1831124
98	5000	1831410
98	4750	1831380
98	4500	1831061
98	4250	1831591
98	4000	1831732
98	3750	1831005
98	3500	1831239
98	3250	1830488
98	3000	1828706
98	2750	1830537
98	2500	1830056
98	2250	1829574
98	2000	1829194
98	1750	1831118
98	1500	1830675
98	1250	1834047
98	1000	1835256
98	750	1836249
98	500	1838904
98	250	1851330
98	100	1870830
98	75	1843388
98	50	1871916
98	25	1820207
98	10000	1829425
98	9750	1829069
98	9500	1828745
98	9250	1828448
98	9000	1828609
98	8750	1827982
98	8500	1828201
98	8250	1828367
98	8000	1828636
98	7750	1828558
98	7500	1828286
98	7250	1828278
98	7000	1827882
98	6750	1828188
98	6500	1828919
98	6250	1828719
98	6000	1828321
98	5750	1828010
98	5500	1828357
98	5250	1828772
98	5000	1829643
98	4750	1828712
98	4500	1829000
98	4250	1828425
98	4000	1828748
98	3750	1828781
98	3500	1828769
98	3250	1828782
98	3000	1827840
98	2750	1828104
98	2500	1827264
98	2250	1826727
98	2000	1825860
98	1750	1826601
98	1500	1826876
98	1250	1828384
98	1000	1827406
98	750	1826738
98	500	1825921
98	250	1826464
98	100	1830705
98	75	1799868
98	50	1832339
98	25	1731799
98	10000	1829717
98	9750	1830171
98	9500	1830411
98	9250	1830811
98	9000	1830959
98	8750	1830582
98	8500	1830586
98	8250	1830237
98	8000	1829991
98	7750	1829676
98	7500	1829525
98	7250	1829740
98	7000	1830283
98	6750	1830871
98	6500	1831137
98	6250	1831258
98	6000	1830844
98	5750	1830997
98	5500	1830065
98	5250	1830978
98	5000	1830354
98	4750	1829878
98	4500	1829883
98	4250	1829940
98	4000	1831394
98	3750	1830935
98	3500	1831541
98	3250	1831673
98	3000	1831613
98	2750	1830642
98	2500	1829727
98	2250	1828446
98	2000	1827328
98	1750	1829687
98	1500	1829216
98	1250	1828511
98	1000	1825917
98	750	1826607
98	500	1830629
98	250	1837738
98	100	1840970
98	75	1798217
98	50	1859792
98	25	1814564
98	10000	1830012
98	9750	1829172
98	9500	1829245
98	9250	1829070
98	9000	1829002
98	8750	1829723
98	8500	1829538
98	8250	1829368
98	8000	1830669
98	7750	1830499
98	7500	1830551
98	7250	1830951
98	7000	1831815
98	6750	1832246
98	6500	1832239
98	6250	1832428
98	6000	1832299
98	5750	1831934
98	5500	1831744
98	5250	1832118
98	5000	1832599
98	4750	1832137
98	4500	1831854
98	4250	1830963
98	4000	1832362
98	3750	1832736
98	3500	1831926
98	3250	1831839
98	3000	1832124
98	2750	1830975
98	2500	1830752
98	2250	1832194
98	2000	1831445
98	1750	1831238
98	1500	1831205
98	1250	1831515
98	1000	1831220
98	750	1827691
98	500	1834889
98	250	1840327
98	100	1848983
98	75	1814616
98	50	1855066
98	25	1812455
98	10000	1829137
98	9750	1829155
98	9500	1830063
98	9250	1829816
98	9000	1829082
98	8750	1829034
98	8500	1828938
98	8250	1828560
98	8000	1828671
98	7750	1828638
98	7500	1828082
98	7250	1827038
98	7000	1827214
98	6750	1827172
98	6500	1827485
98	6250	1828338
98	6000	1827783
98	5750	1827788
98	5500	1827959
98	5250	1828035
98	5000	1828094
98	4750	1828315
98	4500	1827790
98	4250	1828199
98	4000	1828305
98	3750	1828452
98	3500	1828092
98	3250	1827481
98	3000	1828851
98	2750	1829177
98	2500	1828261
98	2250	1829392
98	2000	1830491
98	1750	1830174
98	1500	1829710
98	1250	1830244
98	1000	1831260
98	750	1828498
98	500	1835268
98	250	1837722
98	100	1847647
98	75	1835316
98	50	1870031
98	25	1841345
98	10000	1829241
98	9750	1829105
98	9500	1829078
98	9250	1828508
98	9000	1828114
98	8750	1828624
98	8500	1828509
98	8250	1828496
98	8000	1828978
98	7750	1828980
98	7500	1828232
98	7250	1828221
98	7000	1827841
98	6750	1827660
98	6500	1827702
98	6250	1827780
98	6000	1827395
98	5750	1826939
98	5500	1826591
98	5250	1826783
98	5000	1827007
98	4750	1825969
98	4500	1825869
98	4250	1825613
98	4000	1825422
98	3750	1825469
98	3500	1825735
98	3250	1826456
98	3000	1827559
98	2750	1828142
98	2500	1828949
98	2250	1827594
98	2000	1826651
98	1750	1827362
98	1500	1827650
98	1250	1824701
98	1000	1826884
98	750	1827396
98	500	1829740
98	250	1821292
98	100	1836283
98	75	1813953
98	50	1848258
98	25	1791296
98	10000	1829272
98	9750	1829177
98	9500	1828829
98	9250	1829321
98	9000	1829028
98	8750	1829148
98	8500	1829189
98	8250	1829581
98	8000	1829346
98	7750	1829528
98	7500	1829448
98	7250	1829518
98	7000	1830046
98	6750	1829155
98	6500	1829492
98	6250	1829412
98	6000	1829553
98	5750	1829735
98	5500	1829679
98	5250	1829355
98	5000	1829291
98	4750	1829333
98	4500	1829714
98	4250	1829048
98	4000	1827949
98	3750	1827166
98	3500	1827993
98	3250	1827610
98	3000	1827934
98	2750	1827808
98	2500	1828576
98	2250	1828297
98	2000	1828734
98	1750	1830218
98	1500	1828273
98	1250	1833072
98	1000	1832623
98	750	1831793
98	500	1838435
98	250	1837351
98	100	1847478
98	75	1830203
98	50	1868124
98	25	1837018
98	10000	1829392
98	9750	1828922
98	9500	1829528
98	9250	1829410
98	9000	1828728
98	8750	1828551
98	8500	1828577
98	8250	1828422
98	8000	1828253
98	7750	1828103
98	7500	1827806
98	7250	1827742
98	7000	1828346
98	6750	1828736
98	6500	1828595
98	6250	1828499
98	6000	1828607
98	5750	1828879
98	5500	1829821
98	5250	1830454
98	5000	1830256
98	4750	1828797
98	4500	1828358
98	4250	1828291
98	4000	1829199
98	3750	1829402
98	3500	1829801
98	3250	1829090
98	3000	1828196
98	2750	1830184
98	2500	1830308
98	2250	1831334
98	2000	1833521
98	1750	1831182
98	1500	1830466
98	1250	1830642
98	1000	1832915
98	750	1831865
98	500	1828615
98	250	1830689
98	100	1836037
98	75	1808639
98	50	1848280
98	25	1781476
98	10000	1829582
98	9750	1829298
98	9500	1829443
98	9250	1829449
98	9000	1829222
98	8750	1828780
98	8500	1828789
98	8250	1828423
98	8000	1828203
98	7750	1828060
98	7500	1829181
98	7250	1828320
98	7000	1828207
98	6750	1827936
98	6500	1829144
98	6250	1829726
98	6000	1830010
98	5750	1829669
98	5500	1829659
98	5250	1829466
98	5000	1829334
98	4750	1829157
98	4500	1829662
98	4250	1830109
98	4000	1830463
98	3750	1830198
98	3500	1830421
98	3250	1830685
98	3000	1832909
98	2750	1832186
98	2500	1832317
98	2250	1831462
98	2000	1831737
98	1750	1831770
98	1500	1831649
98	1250	1833407
98	1000	1835472
98	750	1838371
98	500	1834254
98	250	1844686
98	100	1843255
98	75	1816510
98	50	1867545
98	25	1817430
97	10000	1861893
97	9750	1861801
97	9500	1861871
97	9250	1861699
97	9000	1861661
97	8750	1861827
97	8500	1861961
97	8250	1861944
97	8000	1861968
97	7750	1861738
97	7500	1861881
97	7250	1861594
97	7000	1861688
97	6750	1861283
97	6500	1861571
97	6250	1861243
97	6000	1861066
97	5750	1861322
97	5500	1861763
97	5250	1860798
97	5000	1860958
97	4750	1860978
97	4500	1861817
97	4250	1861380
97	4000	1862316
97	3750	1861773
97	3500	1862358
97	3250	1861795
97	3000	1862036
97	2750	1861695
97	2500	1862753
97	2250	1861541
97	2000	1862130
97	1750	1860858
97	1500	1861756
97	1250	1857994
97	1000	1859012
97	750	1860153
97	500	1863333
97	250	1865602
97	100	1876753
97	75	1867392
97	50	1860624
97	25	1764844
97	10000	1861797
97	9750	1861735
97	9500	1861777
97	9250	1861700
97	9000	1861761
97	8750	1861543
97	8500	1861606
97	8250	1861615
97	8000	1861814
97	7750	1861751
97	7500	1862003
97	7250	1861843
97	7000	1861573
97	6750	1861478
97	6500	1861610
97	6250	1861257
97	6000	1862109
97	5750	1862439
97	5500	1862927
97	5250	1862917
97	5000	1863289
97	4750	1863025
97	4500	1862710
97	4250	1862743
97	4000	1863139
97	3750	1861909
97	3500	1862418
97	3250	1862181
97	3000	1861743
97	2750	1861619
97	2500	1862060
97	2250	1860905
97	2000	1860684
97	1750	1860872
97	1500	1863134
97	1250	1863896
97	1000	1864826
97	750	1863860
97	500	1872596
97	250	1874435
97	100	1889085
97	75	1886716
97	50	1871916
97	25	1820207
97	10000	1861957
97	9750	1861735
97	9500	1861636
97	9250	1861448
97	9000	1861669
97	8750	1861242
97	8500	1861496
97	8250	1861329
97	8000	1861475
97	7750	1861290
97	7500	1861066
97	7250	1860861
97	7000	1860917
97	6750	1860425
97	6500	1861090
97	6250	1860934
97	6000	1861076
97	5750	1860991
97	5500	1861379
97	5250	1861528
97	5000	1862179
97	4750	1861554
97	4500	1862053
97	4250	1861654
97	4000	1862004
97	3750	1861612
97	3500	1861981
97	3250	1862030
97	3000	1862375
97	2750	1861732
97	2500	1861948
97	2250	1861257
97	2000	1861206
97	1750	1861144
97	1500	1863218
97	1250	1862509
97	1000	1863788
97	750	1860472
97	500	1859918
97	250	1851763
97	100	1862621
97	75	1853707
97	50	1832339
97	25	1731799
97	10000	1861952
97	9750	1861763
97	9500	1862142
97	9250	1862028
97	9000	1862189
97	8750	1861812
97	8500	1862002
97	8250	1861641
97	8000	1861564
97	7750	1861122
97	7500	1861157
97	7250	1860904
97	7000	1861419
97	6750	1861227
97	6500	1861515
97	6250	1861553
97	6000	1861750
97	5750	1861713
97	5500	1861862
97	5250	1861850
97	5000	1862178
97	4750	1861815
97	4500	1861948
97	4250	1861368
97	4000	1863253
97	3750	1862388
97	3500	1862456
97	3250	1861672
97	3000	1862089
97	2750	1861974
97	2500	1860981
97	2250	1860780
97	2000	1860774
97	1750	1860913
97	1500	1862352
97	1250	1859724
97	1000	1860651
97	750	1860227
97	500	1862002
97	250	1861491
97	100	1867443
97	75	1861519
97	50	1859792
97	25	1814564
97	10000	1862034
97	9750	1861828
97	9500	1862001
97	9250	1861781
97	9000	1861770
97	8750	1861847
97	8500	1861778
97	8250	1861727
97	8000	1861882
97	7750	1861618
97	7500	1861680
97	7250	1861725
97	7000	1862371
97	6750	1862316
97	6500	1862540
97	6250	1862264
97	6000	1862242
97	5750	1861920
97	5500	1861981
97	5250	1862084
97	5000	1862229
97	4750	1861950
97	4500	1863211
97	4250	1862221
97	4000	1862322
97	3750	1862160
97	3500	1861889
97	3250	1861522
97	3000	1863674
97	2750	1862381
97	2500	1863142
97	2250	1863331
97	2000	1863427
97	1750	1862823
97	1500	1863692
97	1250	1863594
97	1000	1863710
97	750	1859994
97	500	1864182
97	250	1866718
97	100	1880359
97	75	1865197
97	50	1855066
97	25	1812455
97	10000	1861919
97	9750	1861602
97	9500	1861660
97	9250	1861920
97	9000	1861942
97	8750	1861680
97	8500	1861850
97	8250	1861534
97	8000	1861723
97	7750	1861500
97	7500	1861685
97	7250	1860914
97	7000	1860955
97	6750	1860872
97	6500	1861215
97	6250	1860897
97	6000	1861277
97	5750	1861085
97	5500	1861376
97	5250	1861222
97	5000	1861431
97	4750	1861194
97	4500	1861169
97	4250	1860992
97	4000	1861288
97	3750	1860787
97	3500	1864146
97	3250	1861172
97	3000	1861525
97	2750	1862098
97	2500	1861205
97	2250	1862011
97	2000	1863088
97	1750	1862709
97	1500	1865965
97	1250	1866051
97	1000	1868539
97	750	1864652
97	500	1866981
97	250	1863935
97	100	1872767
97	75	1877518
97	50	1870031
97	25	1841345
97	10000	1861736
97	9750	1861460
97	9500	1861435
97	9250	1861119
97	9000	1860989
97	8750	1860881
97	8500	1860924
97	8250	1860856
97	8000	1861014
97	7750	1860898
97	7500	1860679
97	7250	1860377
97	7000	1860367
97	6750	1860026
97	6500	1860140
97	6250	1860106
97	6000	1860225
97	5750	1860022
97	5500	1860568
97	5250	1860672
97	5000	1860692
97	4750	1859852
97	4500	1859915
97	4250	1859475
97	4000	1859355
97	3750	1859343
97	3500	1859136
97	3250	1859336
97	3000	1860085
97	2750	1859890
97	2500	1861310
97	2250	1860970
97	2000	1860897
97	1750	1860492
97	1500	1863998
97	1250	1857693
97	1000	1859847
97	750	1859111
97	500	1860768
97	250	1853610
97	100	1861542
97	75	1853896
97	50	1848258
97	25	1791296
97	10000	1861932
97	9750	1861750
97	9500	1861634
97	9250	1861874
97	9000	1861743
97	8750	1861752
97	8500	1861924
97	8250	1862039
97	8000	1862029
97	7750	1861980
97	7500	1861999
97	7250	1861952
97	7000	1861836
97	6750	1861499
97	6500	1861884
97	6250	1861536
97	6000	1861811
97	5750	1861974
97	5500	1862165
97	5250	1861553
97	5000	1861606
97	4750	1861291
97	4500	1861761
97	4250	1861132
97	4000	1861014
97	3750	1860240
97	3500	1860420
97	3250	1860267
97	3000	1860792
97	2750	1859759
97	2500	1861049
97	2250	1860009
97	2000	1860671
97	1750	1861024
97	1500	1860638
97	1250	1862163
97	1000	1863200
97	750	1860565
97	500	1866242
97	250	1861931
97	100	1872486
97	75	1872640
97	50	1868124
97	25	1837018
97	10000	1861904
97	9750	1861669
97	9500	1861803
97	9250	1861697
97	9000	1861880
97	8750	1861685
97	8500	1861735
97	8250	1861537
97	8000	1861589
97	7750	1861375
97	7500	1861212
97	7250	1861072
97	7000	1861659
97	6750	1861620
97	6500	1861633
97	6250	1861670
97	6000	1862110
97	5750	1861926
97	5500	1862059
97	5250	1861680
97	5000	1861742
97	4750	1860881
97	4500	1860412
97	4250	1859978
97	4000	1860771
97	3750	1860354
97	3500	1860837
97	3250	1860296
97	3000	1860616
97	2750	1860596
97	2500	1861199
97	2250	1861377
97	2000	1863307
97	1750	1860755
97	1500	1860647
97	1250	1860247
97	1000	1862583
97	750	1861110
97	500	1859516
97	250	1859631
97	100	1864669
97	75	1864277
97	50	1848280
97	25	1781476
97	10000	1862021
97	9750	1861894
97	9500	1862084
97	9250	1862079
97	9000	1862011
97	8750	1861558
97	8500	1861716
97	8250	1861386
97	8000	1861356
97	7750	1861235
97	7500	1861403
97	7250	1861316
97	7000	1861454
97	6750	1861184
97	6500	1861560
97	6250	1861452
97	6000	1861511
97	5750	1861051
97	5500	1861160
97	5250	1860861
97	5000	1860997
97	4750	1860311
97	4500	1861034
97	4250	1861096
97	4000	1861804
97	3750	1862165
97	3500	1861505
97	3250	1861465
97	3000	1864993
97	2750	1864823
97	2500	1865061
97	2250	1860758
97	2000	1863362
97	1750	1864617
97	1500	1865755
97	1250	1866381
97	1000	1869214
97	750	1867544
97	500	1869370
97	250	1870772
97	100	1876135
97	75	1862922
97	50	1867545
97	25	1817430
96	10000	1886749
96	9750	1886777
96	9500	1886768
96	9250	1886827
96	9000	1886682
96	8750	1886938
96	8500	1887016
96	8250	1887007
96	8000	1886910
96	7750	1886866
96	7500	1886773
96	7250	1886600
96	7000	1886844
96	6750	1886697
96	6500	1886757
96	6250	1886619
96	6000	1886275
96	5750	1886362
96	5500	1886735
96	5250	1886589
96	5000	1886643
96	4750	1886724
96	4500	1887007
96	4250	1886853
96	4000	1887285
96	3750	1887189
96	3500	1887423
96	3250	1887336
96	3000	1887588
96	2750	1887640
96	2500	1887654
96	2250	1887334
96	2000	1887315
96	1750	1886808
96	1500	1886590
96	1250	1885717
96	1000	1884885
96	750	1886151
96	500	1886699
96	250	1894794
96	100	1891960
96	75	1892189
96	50	1901960
96	25	1906324
96	10000	1886812
96	9750	1886840
96	9500	1886791
96	9250	1886737
96	9000	1886766
96	8750	1886722
96	8500	1886811
96	8250	1886940
96	8000	1887045
96	7750	1887080
96	7500	1887189
96	7250	1887285
96	7000	1887183
96	6750	1887285
96	6500	1887178
96	6250	1886919
96	6000	1887057
96	5750	1887101
96	5500	1887330
96	5250	1887464
96	5000	1887628
96	4750	1887392
96	4500	1886930
96	4250	1887244
96	4000	1887361
96	3750	1886959
96	3500	1887057
96	3250	1887186
96	3000	1886690
96	2750	1886702
96	2500	1886503
96	2250	1886240
96	2000	1886226
96	1750	1887412
96	1500	1887115
96	1250	1888050
96	1000	1889008
96	750	1889807
96	500	1891625
96	250	1893242
96	100	1903236
96	75	1903407
96	50	1902540
96	25	1922201
96	10000	1886808
96	9750	1886748
96	9500	1886745
96	9250	1886602
96	9000	1886624
96	8750	1886438
96	8500	1886473
96	8250	1886341
96	8000	1886359
96	7750	1886278
96	7500	1886191
96	7250	1886155
96	7000	1886021
96	6750	1886093
96	6500	1886577
96	6250	1886464
96	6000	1886195
96	5750	1886083
96	5500	1886196
96	5250	1886409
96	5000	1886681
96	4750	1886326
96	4500	1886534
96	4250	1886474
96	4000	1886754
96	3750	1886568
96	3500	1886517
96	3250	1886393
96	3000	1886125
96	2750	1885903
96	2500	1885343
96	2250	1884613
96	2000	1885646
96	1750	1886358
96	1500	1886928
96	1250	1886526
96	1000	1886057
96	750	1883557
96	500	1882671
96	250	1880785
96	100	1881134
96	75	1880543
96	50	1883778
96	25	1891760
96	10000	1886818
96	9750	1886774
96	9500	1886795
96	9250	1886676
96	9000	1886875
96	8750	1886597
96	8500	1886621
96	8250	1886409
96	8000	1886240
96	7750	1886301
96	7500	1886169
96	7250	1886157
96	7000	1886471
96	6750	1886535
96	6500	1886549
96	6250	1886736
96	6000	1886652
96	5750	1886827
96	5500	1886788
96	5250	1887001
96	5000	1887145
96	4750	1886940
96	4500	1886927
96	4250	1886943
96	4000	1887342
96	3750	1886991
96	3500	1885782
96	3250	1885726
96	3000	1885666
96	2750	1885970
96	2500	1885614
96	2250	1885707
96	2000	1885042
96	1750	1884982
96	1500	1885155
96	1250	1884091
96	1000	1883621
96	750	1881658
96	500	1884309
96	250	1884074
96	100	1889098
96	75	1890605
96	50	1891222
96	25	1911569
96	10000	1886845
96	9750	1886774
96	9500	1886784
96	9250	1886781
96	9000	1886667
96	8750	1886795
96	8500	1886710
96	8250	1886802
96	8000	1886840
96	7750	1886708
96	7500	1886726
96	7250	1886851
96	7000	1887165
96	6750	1887274
96	6500	1887442
96	6250	1887378
96	6000	1887241
96	5750	1887087
96	5500	1887043
96	5250	1887195
96	5000	1887294
96	4750	1887158
96	4500	1887403
96	4250	1887088
96	4000	1887080
96	3750	1887201
96	3500	1886815
96	3250	1886827
96	3000	1887140
96	2750	1886689
96	2500	1886345
96	2250	1886848
96	2000	1886651
96	1750	1886359
96	1500	1886229
96	1250	1884397
96	1000	1883144
96	750	1881607
96	500	1888948
96	250	1892518
96	100	1894345
96	75	1892250
96	50	1902558
96	25	1910503
96	10000	1886858
96	9750	1886623
96	9500	1886632
96	9250	1886980
96	9000	1886882
96	8750	1886855
96	8500	1887030
96	8250	1886824
96	8000	1886878
96	7750	1886868
96	7500	1886742
96	7250	1886444
96	7000	1886376
96	6750	1886419
96	6500	1886434
96	6250	1886478
96	6000	1886715
96	5750	1886822
96	5500	1886929
96	5250	1887111
96	5000	1887212
96	4750	1887183
96	4500	1887014
96	4250	1887104
96	4000	1887115
96	3750	1886883
96	3500	1887205
96	3250	1886910
96	3000	1886981
96	2750	1886935
96	2500	1886626
96	2250	1886725
96	2000	1887292
96	1750	1887151
96	1500	1886458
96	1250	1886245
96	1000	1886973
96	750	1886060
96	500	1889395
96	250	1892444
96	100	1893818
96	75	1903725
96	50	1902365
96	25	1912072
96	10000	1886661
96	9750	1886605
96	9500	1886420
96	9250	1886286
96	9000	1886066
96	8750	1886016
96	8500	1885935
96	8250	1885905
96	8000	1885940
96	7750	1885920
96	7500	1885789
96	7250	1885700
96	7000	1885673
96	6750	1885482
96	6500	1885482
96	6250	1885594
96	6000	1885583
96	5750	1885568
96	5500	1885770
96	5250	1886034
96	5000	1885889
96	4750	1885313
96	4500	1885126
96	4250	1885082
96	4000	1884889
96	3750	1884872
96	3500	1885115
96	3250	1885578
96	3000	1885867
96	2750	1886150
96	2500	1885871
96	2250	1885873
96	2000	1885297
96	1750	1885553
96	1500	1886402
96	1250	1884628
96	1000	1884774
96	750	1884350
96	500	1883581
96	250	1881578
96	100	1884535
96	75	1884499
96	50	1889340
96	25	1911615
96	10000	1886836
96	9750	1886762
96	9500	1886560
96	9250	1886847
96	9000	1886695
96	8750	1886817
96	8500	1886959
96	8250	1887162
96	8000	1886871
96	7750	1886987
96	7500	1886907
96	7250	1886988
96	7000	1886733
96	6750	1886452
96	6500	1886659
96	6250	1886467
96	6000	1886468
96	5750	1886769
96	5500	1886724
96	5250	1886526
96	5000	1886353
96	4750	1886239
96	4500	1886150
96	4250	1885925
96	4000	1885647
96	3750	1885208
96	3500	1885291
96	3250	1885581
96	3000	1885613
96	2750	1885379
96	2500	1885443
96	2250	1884155
96	2000	1885329
96	1750	1885944
96	1500	1882394
96	1250	1884610
96	1000	1885226
96	750	1884231
96	500	1884120
96	250	1886750
96	100	1889674
96	75	1895093
96	50	1907213
96	25	1924382
96	10000	1886806
96	9750	1886669
96	9500	1886710
96	9250	1886716
96	9000	1886741
96	8750	1886634
96	8500	1886653
96	8250	1886714
96	8000	1886647
96	7750	1886600
96	7500	1886296
96	7250	1886278
96	7000	1886464
96	6750	1886599
96	6500	1886469
96	6250	1886476
96	6000	1886585
96	5750	1886617
96	5500	1886646
96	5250	1886622
96	5000	1885898
96	4750	1885869
96	4500	1885390
96	4250	1884893
96	4000	1884967
96	3750	1884943
96	3500	1885095
96	3250	1884641
96	3000	1884679
96	2750	1885709
96	2500	1885348
96	2250	1885645
96	2000	1885948
96	1750	1883861
96	1500	1883917
96	1250	1883930
96	1000	1884788
96	750	1883964
96	500	1881722
96	250	1884294
96	100	1889077
96	75	1891599
96	50	1890650
96	25	1902296
96	10000	1886866
96	9750	1886838
96	9500	1886906
96	9250	1886964
96	9000	1886818
96	8750	1886693
96	8500	1886769
96	8250	1886508
96	8000	1886477
96	7750	1886343
96	7500	1886359
96	7250	1886456
96	7000	1886418
96	6750	1886429
96	6500	1886729
96	6250	1886747
96	6000	1886615
96	5750	1886334
96	5500	1886251
96	5250	1886334
96	5000	1886192
96	4750	1886093
96	4500	1886231
96	4250	1886315
96	4000	1886494
96	3750	1886337
96	3500	1886384
96	3250	1886410
96	3000	1886608
96	2750	1886360
96	2500	1886026
96	2250	1885955
96	2000	1886100
96	1750	1886169
96	1500	1885880
96	1250	1885598
96	1000	1887081
96	750	1887008
96	500	1887364
96	250	1890603
96	100	1890242
96	75	1893227
96	50	1899614
96	25	1908727