threshold	alignment_size	SNPs
90	10000	173841
90	9750	172022
90	9500	170629
90	9250	169565
90	9000	167482
90	8750	165788
90	8500	163905
90	8250	162757
90	8000	160843
90	7750	159032
90	7500	157515
90	7250	155299
90	7000	153692
90	6750	151102
90	6500	149644
90	6250	147796
90	6000	145056
90	5750	142991
90	5500	140728
90	5250	138016
90	5000	135656
90	4750	133295
90	4500	131715
90	4250	128373
90	4000	124847
90	3750	122029
90	3500	117726
90	3250	114024
90	3000	110920
90	2750	105972
90	2500	102248
90	2250	98670
90	2000	92945
90	1750	88158
90	1500	83105
90	1250	78277
90	1000	72899
90	750	64391
90	500	53263
90	250	42698
90	100	32212
90	75	29659
90	50	26189
90	25	21351
90	10000	173153
90	9750	171737
90	9500	169871
90	9250	167704
90	9000	165957
90	8750	164562
90	8500	162790
90	8250	159561
90	8000	158111
90	7750	156235
90	7500	153928
90	7250	151723
90	7000	150534
90	6750	148929
90	6500	145167
90	6250	143086
90	6000	141388
90	5750	138241
90	5500	135655
90	5250	133304
90	5000	130614
90	4750	128063
90	4500	125489
90	4250	123557
90	4000	120524
90	3750	117262
90	3500	114987
90	3250	111624
90	3000	108055
90	2750	104548
90	2500	100566
90	2250	96472
90	2000	92092
90	1750	86937
90	1500	81101
90	1250	77093
90	1000	71925
90	750	64800
90	500	55643
90	250	43152
90	100	33188
90	75	30714
90	50	26991
90	25	19524
90	10000	173708
90	9750	172576
90	9500	171171
90	9250	169019
90	9000	167315
90	8750	165677
90	8500	163823
90	8250	162584
90	8000	160979
90	7750	159070
90	7500	157433
90	7250	156263
90	7000	153583
90	6750	151724
90	6500	149958
90	6250	148141
90	6000	145915
90	5750	142582
90	5500	139359
90	5250	136847
90	5000	134318
90	4750	130972
90	4500	127775
90	4250	124196
90	4000	121456
90	3750	118032
90	3500	113404
90	3250	110672
90	3000	106661
90	2750	102785
90	2500	99218
90	2250	96221
90	2000	91987
90	1750	86711
90	1500	81074
90	1250	76682
90	1000	68501
90	750	60311
90	500	52508
90	250	43091
90	100	32694
90	75	29676
90	50	26264
90	25	22398
90	10000	173852
90	9750	172226
90	9500	171156
90	9250	169752
90	9000	168176
90	8750	166931
90	8500	165260
90	8250	162943
90	8000	160873
90	7750	159234
90	7500	157291
90	7250	155459
90	7000	153707
90	6750	151721
90	6500	149489
90	6250	146886
90	6000	144033
90	5750	141604
90	5500	140110
90	5250	137139
90	5000	134864
90	4750	133243
90	4500	129980
90	4250	128050
90	4000	123799
90	3750	120358
90	3500	116601
90	3250	114231
90	3000	110960
90	2750	106717
90	2500	103321
90	2250	98049
90	2000	93949
90	1750	89888
90	1500	84862
90	1250	79926
90	1000	72353
90	750	66503
90	500	55710
90	250	42927
90	100	33245
90	75	28895
90	50	25287
90	25	20026
90	10000	173654
90	9750	172346
90	9500	171098
90	9250	168896
90	9000	166124
90	8750	164254
90	8500	162495
90	8250	161420
90	8000	159993
90	7750	157891
90	7500	156070
90	7250	154479
90	7000	151651
90	6750	149886
90	6500	147746
90	6250	145079
90	6000	142596
90	5750	140021
90	5500	138321
90	5250	136234
90	5000	134094
90	4750	131135
90	4500	128594
90	4250	125981
90	4000	123738
90	3750	121463
90	3500	118481
90	3250	115467
90	3000	111443
90	2750	107297
90	2500	104377
90	2250	99932
90	2000	95543
90	1750	90398
90	1500	84895
90	1250	79670
90	1000	73344
90	750	66844
90	500	58487
90	250	44612
90	100	34050
90	75	29634
90	50	26585
90	25	22003
90	10000	173821
90	9750	172534
90	9500	171230
90	9250	169662
90	9000	167950
90	8750	166246
90	8500	164539
90	8250	162879
90	8000	161117
90	7750	159001
90	7500	156882
90	7250	153638
90	7000	151695
90	6750	149596
90	6500	148169
90	6250	145957
90	6000	143726
90	5750	141191
90	5500	139022
90	5250	136416
90	5000	134016
90	4750	131264
90	4500	127905
90	4250	124693
90	4000	122279
90	3750	117562
90	3500	114404
90	3250	111439
90	3000	108046
90	2750	104392
90	2500	100644
90	2250	97327
90	2000	93460
90	1750	89335
90	1500	84698
90	1250	78593
90	1000	71343
90	750	65215
90	500	54842
90	250	43328
90	100	31503
90	75	28783
90	50	26953
90	25	22977
90	10000	173430
90	9750	172178
90	9500	170401
90	9250	167759
90	9000	166333
90	8750	164459
90	8500	162878
90	8250	161219
90	8000	159396
90	7750	157926
90	7500	156064
90	7250	153850
90	7000	151561
90	6750	149606
90	6500	147520
90	6250	145924
90	6000	144384
90	5750	141936
90	5500	140067
90	5250	137832
90	5000	135069
90	4750	132444
90	4500	128991
90	4250	126521
90	4000	123809
90	3750	121138
90	3500	116056
90	3250	112361
90	3000	109146
90	2750	105252
90	2500	99861
90	2250	94101
90	2000	90530
90	1750	85564
90	1500	80403
90	1250	74466
90	1000	68934
90	750	62975
90	500	54137
90	250	40293
90	100	31594
90	75	29679
90	50	25523
90	25	20165
90	10000	173237
90	9750	171906
90	9500	170229
90	9250	168569
90	9000	166966
90	8750	165576
90	8500	163229
90	8250	161038
90	8000	159488
90	7750	157223
90	7500	155588
90	7250	153615
90	7000	151303
90	6750	149236
90	6500	147651
90	6250	144824
90	6000	143303
90	5750	141420
90	5500	139317
90	5250	136444
90	5000	134108
90	4750	130861
90	4500	128144
90	4250	124370
90	4000	121451
90	3750	116383
90	3500	112863
90	3250	109829
90	3000	107212
90	2750	104843
90	2500	102499
90	2250	98544
90	2000	93508
90	1750	89174
90	1500	84986
90	1250	79693
90	1000	72705
90	750	63737
90	500	54753
90	250	41963
90	100	31773
90	75	29191
90	50	27131
90	25	21029
90	10000	173671
90	9750	171665
90	9500	170439
90	9250	168484
90	9000	166835
90	8750	165028
90	8500	163471
90	8250	161768
90	8000	159705
90	7750	157391
90	7500	155398
90	7250	153867
90	7000	151740
90	6750	149902
90	6500	146552
90	6250	144309
90	6000	142276
90	5750	139566
90	5500	136979
90	5250	134072
90	5000	131979
90	4750	129238
90	4500	127412
90	4250	124692
90	4000	121675
90	3750	118909
90	3500	114192
90	3250	112155
90	3000	109335
90	2750	106281
90	2500	102364
90	2250	99949
90	2000	96424
90	1750	91576
90	1500	85959
90	1250	80339
90	1000	74926
90	750	67768
90	500	59284
90	250	45196
90	100	31987
90	75	29404
90	50	25896
90	25	21853
90	10000	173455
90	9750	171852
90	9500	170622
90	9250	168618
90	9000	166985
90	8750	164759
90	8500	162273
90	8250	160676
90	8000	158925
90	7750	157160
90	7500	155854
90	7250	154134
90	7000	151523
90	6750	149315
90	6500	147437
90	6250	145898
90	6000	143755
90	5750	141832
90	5500	138928
90	5250	136535
90	5000	134753
90	4750	131099
90	4500	128211
90	4250	126029
90	4000	123857
90	3750	121050
90	3500	119031
90	3250	115768
90	3000	112745
90	2750	108972
90	2500	103096
90	2250	98044
90	2000	94445
90	1750	89785
90	1500	84378
90	1250	78399
90	1000	72144
90	750	66149
90	500	55235
90	250	42786
90	100	34238
90	75	30540
90	50	26267
90	25	23000
100	10000	19905
100	9750	20145
100	9500	20526
100	9250	20942
100	9000	20939
100	8750	21354
100	8500	21756
100	8250	22290
100	8000	22553
100	7750	22855
100	7500	23264
100	7250	23531
100	7000	24212
100	6750	24544
100	6500	25130
100	6250	25386
100	6000	25774
100	5750	26219
100	5500	26768
100	5250	27004
100	5000	27394
100	4750	28179
100	4500	28994
100	4250	29226
100	4000	29662
100	3750	30319
100	3500	30244
100	3250	30082
100	3000	30989
100	2750	30580
100	2500	30925
100	2250	31569
100	2000	31148
100	1750	30466
100	1500	30312
100	1250	30036
100	1000	30381
100	750	32164
100	500	30672
100	250	29200
100	100	24531
100	75	23406
100	50	21352
100	25	18404
100	10000	19795
100	9750	20028
100	9500	20194
100	9250	20564
100	9000	20820
100	8750	21264
100	8500	21536
100	8250	21657
100	8000	22156
100	7750	22512
100	7500	22835
100	7250	23073
100	7000	23395
100	6750	23956
100	6500	24172
100	6250	24423
100	6000	24749
100	5750	24947
100	5500	25250
100	5250	25622
100	5000	25827
100	4750	26477
100	4500	26582
100	4250	27628
100	4000	28401
100	3750	28254
100	3500	28870
100	3250	29479
100	3000	29443
100	2750	30237
100	2500	30601
100	2250	30537
100	2000	31353
100	1750	31819
100	1500	31273
100	1250	33285
100	1000	33683
100	750	33245
100	500	33712
100	250	29784
100	100	27013
100	75	25555
100	50	22675
100	25	17350
100	10000	19975
100	9750	20225
100	9500	20621
100	9250	20833
100	9000	21238
100	8750	21247
100	8500	21563
100	8250	21787
100	8000	22150
100	7750	22376
100	7500	22754
100	7250	23161
100	7000	23317
100	6750	23614
100	6500	24529
100	6250	24746
100	6000	24943
100	5750	25090
100	5500	25702
100	5250	26005
100	5000	26667
100	4750	26762
100	4500	27369
100	4250	27410
100	4000	27734
100	3750	28341
100	3500	28313
100	3250	29126
100	3000	29676
100	2750	30028
100	2500	30262
100	2250	30751
100	2000	30605
100	1750	30868
100	1500	31192
100	1250	32173
100	1000	31135
100	750	28991
100	500	29350
100	250	27985
100	100	24291
100	75	22621
100	50	20508
100	25	18803
100	10000	20109
100	9750	20384
100	9500	20859
100	9250	21171
100	9000	21413
100	8750	21769
100	8500	22110
100	8250	22176
100	8000	22439
100	7750	22908
100	7500	23147
100	7250	23705
100	7000	24441
100	6750	25197
100	6500	25780
100	6250	26518
100	6000	26549
100	5750	27020
100	5500	27513
100	5250	28146
100	5000	28600
100	4750	29019
100	4500	29272
100	4250	29957
100	4000	30407
100	3750	30531
100	3500	30990
100	3250	31754
100	3000	32316
100	2750	32667
100	2500	32695
100	2250	32648
100	2000	32555
100	1750	33287
100	1500	33759
100	1250	33644
100	1000	32021
100	750	33150
100	500	31562
100	250	28080
100	100	25832
100	75	22951
100	50	20913
100	25	17875
100	10000	19956
100	9750	20147
100	9500	20631
100	9250	20962
100	9000	21190
100	8750	21636
100	8500	21752
100	8250	21966
100	8000	22236
100	7750	22435
100	7500	22845
100	7250	23597
100	7000	23947
100	6750	24338
100	6500	24752
100	6250	25023
100	6000	25380
100	5750	25802
100	5500	26165
100	5250	26645
100	5000	27343
100	4750	27654
100	4500	28105
100	4250	28270
100	4000	28348
100	3750	29352
100	3500	29658
100	3250	30308
100	3000	30634
100	2750	30340
100	2500	31126
100	2250	31206
100	2000	31494
100	1750	32103
100	1500	31595
100	1250	31352
100	1000	30940
100	750	31020
100	500	33063
100	250	29302
100	100	25089
100	75	22297
100	50	20596
100	25	18564
100	10000	19957
100	9750	20193
100	9500	20468
100	9250	20861
100	9000	21094
100	8750	21364
100	8500	21780
100	8250	21813
100	8000	22210
100	7750	22593
100	7500	22920
100	7250	22821
100	7000	23025
100	6750	23260
100	6500	23815
100	6250	24023
100	6000	24354
100	5750	24634
100	5500	25013
100	5250	25448
100	5000	26223
100	4750	27066
100	4500	27334
100	4250	27332
100	4000	28212
100	3750	28348
100	3500	28923
100	3250	29227
100	3000	29493
100	2750	30168
100	2500	30563
100	2250	31141
100	2000	31264
100	1750	31407
100	1500	31998
100	1250	31430
100	1000	31593
100	750	31779
100	500	30785
100	250	28590
100	100	23038
100	75	22668
100	50	21938
100	25	20569
100	10000	19773
100	9750	20001
100	9500	20107
100	9250	20143
100	9000	20430
100	8750	20741
100	8500	20973
100	8250	21437
100	8000	21660
100	7750	21978
100	7500	22325
100	7250	22439
100	7000	22651
100	6750	22905
100	6500	23127
100	6250	23656
100	6000	24243
100	5750	24735
100	5500	25516
100	5250	26413
100	5000	27025
100	4750	27545
100	4500	27465
100	4250	27896
100	4000	28411
100	3750	29214
100	3500	29246
100	3250	29458
100	3000	30350
100	2750	30343
100	2500	30054
100	2250	29537
100	2000	29877
100	1750	30933
100	1500	31122
100	1250	30730
100	1000	31037
100	750	31609
100	500	30886
100	250	26345
100	100	24572
100	75	23746
100	50	20827
100	25	17634
100	10000	19901
100	9750	20148
100	9500	20285
100	9250	20726
100	9000	21015
100	8750	21276
100	8500	21533
100	8250	22033
100	8000	22250
100	7750	22502
100	7500	22717
100	7250	23289
100	7000	23490
100	6750	23826
100	6500	24374
100	6250	24733
100	6000	25505
100	5750	25916
100	5500	26337
100	5250	26423
100	5000	26861
100	4750	27079
100	4500	27576
100	4250	27252
100	4000	27660
100	3750	28221
100	3500	28467
100	3250	28997
100	3000	29393
100	2750	30511
100	2500	31606
100	2250	32048
100	2000	31570
100	1750	32651
100	1500	32887
100	1250	33190
100	1000	33065
100	750	31650
100	500	30032
100	250	26249
100	100	23556
100	75	22840
100	50	21958
100	25	18628
100	10000	19868
100	9750	19956
100	9500	20392
100	9250	20587
100	9000	20855
100	8750	21165
100	8500	21467
100	8250	21455
100	8000	21660
100	7750	21861
100	7500	22065
100	7250	22387
100	7000	22893
100	6750	23367
100	6500	23639
100	6250	24188
100	6000	24648
100	5750	24989
100	5500	25110
100	5250	25232
100	5000	25631
100	4750	25842
100	4500	26066
100	4250	26599
100	4000	27293
100	3750	28384
100	3500	28377
100	3250	28819
100	3000	29217
100	2750	30294
100	2500	31189
100	2250	32049
100	2000	33360
100	1750	33012
100	1500	32618
100	1250	32843
100	1000	33656
100	750	34830
100	500	33195
100	250	29792
100	100	24076
100	75	22963
100	50	20633
100	25	18958
100	10000	20021
100	9750	20367
100	9500	20773
100	9250	21178
100	9000	21440
100	8750	21609
100	8500	21872
100	8250	22051
100	8000	22279
100	7750	22603
100	7500	22961
100	7250	23262
100	7000	23710
100	6750	23850
100	6500	24205
100	6250	24613
100	6000	24882
100	5750	24875
100	5500	25059
100	5250	25378
100	5000	25835
100	4750	26012
100	4500	26512
100	4250	26969
100	4000	28095
100	3750	28638
100	3500	29426
100	3250	29834
100	3000	31154
100	2750	31289
100	2500	31716
100	2250	31036
100	2000	31686
100	1750	31750
100	1500	31415
100	1250	30700
100	1000	31412
100	750	33340
100	500	31135
100	250	28216
100	100	25685
100	75	23833
100	50	21893
100	25	20880
95	10000	169674
95	9750	167887
95	9500	166516
95	9250	165471
95	9000	163384
95	8750	161720
95	8500	159926
95	8250	158810
95	8000	156892
95	7750	155048
95	7500	153573
95	7250	151385
95	7000	149819
95	6750	147260
95	6500	145794
95	6250	143985
95	6000	141312
95	5750	139301
95	5500	137066
95	5250	134361
95	5000	132089
95	4750	129799
95	4500	128247
95	4250	124932
95	4000	121522
95	3750	118805
95	3500	114574
95	3250	110922
95	3000	107895
95	2750	102981
95	2500	99348
95	2250	95851
95	2000	90265
95	1750	85503
95	1500	80555
95	1250	75814
95	1000	70594
95	750	62297
95	500	51469
95	250	41191
95	100	31038
95	75	28360
95	50	24741
95	25	20541
95	10000	168991
95	9750	167627
95	9500	165780
95	9250	163631
95	9000	161920
95	8750	160540
95	8500	158778
95	8250	155601
95	8000	154197
95	7750	152340
95	7500	150069
95	7250	147928
95	7000	146765
95	6750	145178
95	6500	141462
95	6250	139384
95	6000	137726
95	5750	134581
95	5500	132149
95	5250	129823
95	5000	127183
95	4750	124676
95	4500	122117
95	4250	120199
95	4000	117232
95	3750	113991
95	3500	111805
95	3250	108494
95	3000	105014
95	2750	101557
95	2500	97675
95	2250	93643
95	2000	89391
95	1750	84334
95	1500	78601
95	1250	74641
95	1000	69638
95	750	62658
95	500	53813
95	250	41515
95	100	32109
95	75	29478
95	50	25834
95	25	18873
95	10000	169520
95	9750	168381
95	9500	167017
95	9250	164892
95	9000	163250
95	8750	161629
95	8500	159826
95	8250	158592
95	8000	157021
95	7750	155125
95	7500	153533
95	7250	152373
95	7000	149770
95	6750	147950
95	6500	146238
95	6250	144420
95	6000	142209
95	5750	138939
95	5500	135766
95	5250	133261
95	5000	130784
95	4750	127477
95	4500	124363
95	4250	120817
95	4000	118135
95	3750	114770
95	3500	110187
95	3250	107522
95	3000	103547
95	2750	99645
95	2500	96175
95	2250	93233
95	2000	89127
95	1750	83940
95	1500	78432
95	1250	74111
95	1000	66104
95	750	57967
95	500	50429
95	250	41397
95	100	31389
95	75	28188
95	50	24710
95	25	21503
95	10000	169675
95	9750	168008
95	9500	166969
95	9250	165594
95	9000	164068
95	8750	162864
95	8500	161256
95	8250	158944
95	8000	156928
95	7750	155300
95	7500	153379
95	7250	151564
95	7000	149854
95	6750	147889
95	6500	145715
95	6250	143153
95	6000	140351
95	5750	137946
95	5500	136490
95	5250	133553
95	5000	131284
95	4750	129707
95	4500	126503
95	4250	124603
95	4000	120429
95	3750	117018
95	3500	113354
95	3250	111008
95	3000	107851
95	2750	103753
95	2500	100446
95	2250	95244
95	2000	91162
95	1750	87094
95	1500	82206
95	1250	77349
95	1000	69856
95	750	64145
95	500	53596
95	250	41010
95	100	31791
95	75	27415
95	50	23812
95	25	19325
95	10000	169501
95	9750	168202
95	9500	166999
95	9250	164810
95	9000	162098
95	8750	160269
95	8500	158470
95	8250	157381
95	8000	155986
95	7750	153938
95	7500	152153
95	7250	150611
95	7000	147825
95	6750	146139
95	6500	144061
95	6250	141422
95	6000	138956
95	5750	136400
95	5500	134743
95	5250	132686
95	5000	130606
95	4750	127687
95	4500	125234
95	4250	122693
95	4000	120535
95	3750	118262
95	3500	115324
95	3250	112331
95	3000	108383
95	2750	104289
95	2500	101399
95	2250	97026
95	2000	92721
95	1750	87678
95	1500	82327
95	1250	77199
95	1000	71052
95	750	64540
95	500	56532
95	250	42984
95	100	32964
95	75	28264
95	50	25232
95	25	21153
95	10000	169640
95	9750	168368
95	9500	167094
95	9250	165553
95	9000	163879
95	8750	162180
95	8500	160527
95	8250	158900
95	8000	157186
95	7750	155107
95	7500	153035
95	7250	149810
95	7000	147927
95	6750	145844
95	6500	144452
95	6250	142301
95	6000	140136
95	5750	137618
95	5500	135481
95	5250	132919
95	5000	130580
95	4750	127884
95	4500	124610
95	4250	121412
95	4000	119037
95	3750	114377
95	3500	111284
95	3250	108326
95	3000	104975
95	2750	101358
95	2500	97704
95	2250	94391
95	2000	90661
95	1750	86595
95	1500	82101
95	1250	76084
95	1000	68888
95	750	62824
95	500	52874
95	250	41509
95	100	30161
95	75	27261
95	50	25428
95	25	22234
95	10000	169255
95	9750	168020
95	9500	166263
95	9250	163665
95	9000	162258
95	8750	160397
95	8500	158840
95	8250	157148
95	8000	155453
95	7750	154027
95	7500	152191
95	7250	150008
95	7000	147794
95	6750	145837
95	6500	143788
95	6250	142197
95	6000	140717
95	5750	138219
95	5500	136398
95	5250	134227
95	5000	131506
95	4750	128981
95	4500	125545
95	4250	123101
95	4000	120452
95	3750	117813
95	3500	112840
95	3250	109192
95	3000	106100
95	2750	102321
95	2500	97012
95	2250	91300
95	2000	87840
95	1750	82997
95	1500	78048
95	1250	72165
95	1000	66784
95	750	60876
95	500	52435
95	250	38749
95	100	30291
95	75	28310
95	50	24127
95	25	19364
95	10000	169061
95	9750	167764
95	9500	166125
95	9250	164475
95	9000	162918
95	8750	161571
95	8500	159260
95	8250	157092
95	8000	155559
95	7750	153368
95	7500	151769
95	7250	149801
95	7000	147537
95	6750	145502
95	6500	143972
95	6250	141165
95	6000	139690
95	5750	137803
95	5500	135790
95	5250	132977
95	5000	130667
95	4750	127468
95	4500	124837
95	4250	121088
95	4000	118230
95	3750	113219
95	3500	109786
95	3250	106773
95	3000	104227
95	2750	101906
95	2500	99610
95	2250	95632
95	2000	90795
95	1750	86513
95	1500	82555
95	1250	77292
95	1000	70506
95	750	61587
95	500	52835
95	250	40224
95	100	30574
95	75	27725
95	50	25596
95	25	20392
95	10000	169493
95	9750	167505
95	9500	166315
95	9250	164350
95	9000	162750
95	8750	160928
95	8500	159441
95	8250	157781
95	8000	155744
95	7750	153475
95	7500	151540
95	7250	149945
95	7000	147871
95	6750	146076
95	6500	142750
95	6250	140533
95	6000	138511
95	5750	135871
95	5500	133351
95	5250	130467
95	5000	128434
95	4750	125660
95	4500	123920
95	4250	121194
95	4000	118234
95	3750	115509
95	3500	110898
95	3250	108881
95	3000	106134
95	2750	103108
95	2500	99238
95	2250	96854
95	2000	93455
95	1750	88686
95	1500	83186
95	1250	77697
95	1000	72427
95	750	65508
95	500	57243
95	250	43527
95	100	30634
95	75	27925
95	50	24416
95	25	21015
95	10000	169280
95	9750	167696
95	9500	166475
95	9250	164476
95	9000	162872
95	8750	160634
95	8500	158243
95	8250	156667
95	8000	154946
95	7750	153213
95	7500	151936
95	7250	150243
95	7000	147706
95	6750	145527
95	6500	143702
95	6250	142193
95	6000	140095
95	5750	138175
95	5500	135334
95	5250	132973
95	5000	131235
95	4750	127605
95	4500	124781
95	4250	122644
95	4000	120519
95	3750	117746
95	3500	115769
95	3250	112582
95	3000	109648
95	2750	105950
95	2500	100115
95	2250	95133
95	2000	91639
95	1750	87073
95	1500	81765
95	1250	75887
95	1000	69787
95	750	63973
95	500	53353
95	250	41155
95	100	33070
95	75	29081
95	50	25002
95	25	22360
80	10000	177790
80	9750	175955
80	9500	174555
80	9250	173473
80	9000	171292
80	8750	169570
80	8500	167658
80	8250	166487
80	8000	164557
80	7750	162790
80	7500	161279
80	7250	159031
80	7000	157407
80	6750	154792
80	6500	153321
80	6250	151447
80	6000	148686
80	5750	146553
80	5500	144258
80	5250	141439
80	5000	139007
80	4750	136593
80	4500	134980
80	4250	131601
80	4000	128037
80	3750	125170
80	3500	120811
80	3250	117077
80	3000	113921
80	2750	108911
80	2500	105120
80	2250	101467
80	2000	95664
80	1750	90793
80	1500	85643
80	1250	80759
80	1000	75247
80	750	66578
80	500	55318
80	250	44540
80	100	33790
80	75	31314
80	50	27250
80	25	22599
80	10000	177040
80	9750	175543
80	9500	173636
80	9250	171441
80	9000	169675
80	8750	168256
80	8500	166451
80	8250	163221
80	8000	161723
80	7750	159926
80	7500	157581
80	7250	155295
80	7000	154068
80	6750	152436
80	6500	148643
80	6250	146545
80	6000	144829
80	5750	141664
80	5500	139013
80	5250	136742
80	5000	133985
80	4750	131396
80	4500	128830
80	4250	126807
80	4000	123679
80	3750	120329
80	3500	118033
80	3250	114650
80	3000	111115
80	2750	107541
80	2500	103461
80	2250	99225
80	2000	94868
80	1750	89695
80	1500	83810
80	1250	79716
80	1000	74409
80	750	67185
80	500	57843
80	250	45006
80	100	34767
80	75	32338
80	50	28328
80	25	20631
80	10000	177543
80	9750	176443
80	9500	175039
80	9250	172839
80	9000	171064
80	8750	169398
80	8500	167507
80	8250	166243
80	8000	164617
80	7750	162703
80	7500	161033
80	7250	159846
80	7000	157154
80	6750	155268
80	6500	153485
80	6250	151640
80	6000	149380
80	5750	145959
80	5500	142692
80	5250	140137
80	5000	137574
80	4750	134183
80	4500	130955
80	4250	127316
80	4000	124510
80	3750	121021
80	3500	116348
80	3250	113557
80	3000	109523
80	2750	105609
80	2500	102000
80	2250	98932
80	2000	94605
80	1750	89232
80	1500	83541
80	1250	79108
80	1000	70786
80	750	62472
80	500	54499
80	250	44926
80	100	34210
80	75	31248
80	50	27536
80	25	24015
80	10000	177744
80	9750	176142
80	9500	175060
80	9250	173644
80	9000	172022
80	8750	170726
80	8500	169042
80	8250	166706
80	8000	164626
80	7750	162990
80	7500	161045
80	7250	159183
80	7000	157395
80	6750	155354
80	6500	153083
80	6250	150415
80	6000	147559
80	5750	145095
80	5500	143470
80	5250	140481
80	5000	138233
80	4750	136609
80	4500	133231
80	4250	131283
80	4000	126984
80	3750	123487
80	3500	119673
80	3250	117277
80	3000	114015
80	2750	109646
80	2500	106233
80	2250	100952
80	2000	96773
80	1750	92588
80	1500	87534
80	1250	82559
80	1000	74827
80	750	68817
80	500	57779
80	250	44702
80	100	34794
80	75	30519
80	50	26611
80	25	21604
80	10000	177487
80	9750	176198
80	9500	175012
80	9250	172751
80	9000	169967
80	8750	167963
80	8500	166295
80	8250	165210
80	8000	163753
80	7750	161621
80	7500	159748
80	7250	158139
80	7000	155283
80	6750	153495
80	6500	151334
80	6250	148633
80	6000	146130
80	5750	143513
80	5500	141799
80	5250	139654
80	5000	137494
80	4750	134498
80	4500	131932
80	4250	129295
80	4000	127045
80	3750	124735
80	3500	121694
80	3250	118616
80	3000	114536
80	2750	110321
80	2500	107351
80	2250	102849
80	2000	98351
80	1750	93119
80	1500	87529
80	1250	82231
80	1000	75786
80	750	69175
80	500	60605
80	250	46454
80	100	35526
80	75	31116
80	50	27697
80	25	23214
80	10000	177670
80	9750	176410
80	9500	175143
80	9250	173532
80	9000	171831
80	8750	170118
80	8500	168369
80	8250	166696
80	8000	164910
80	7750	162783
80	7500	160611
80	7250	157361
80	7000	155404
80	6750	153292
80	6500	151829
80	6250	149555
80	6000	147291
80	5750	144722
80	5500	142527
80	5250	139905
80	5000	137477
80	4750	134698
80	4500	131295
80	4250	128040
80	4000	125594
80	3750	120822
80	3500	117623
80	3250	114607
80	3000	111144
80	2750	107426
80	2500	103622
80	2250	100231
80	2000	96252
80	1750	92120
80	1500	87322
80	1250	81157
80	1000	73778
80	750	67509
80	500	56984
80	250	45202
80	100	33145
80	75	30296
80	50	28192
80	25	24302
80	10000	177372
80	9750	176083
80	9500	174184
80	9250	171495
80	9000	170049
80	8750	168197
80	8500	166627
80	8250	164966
80	8000	163104
80	7750	161648
80	7500	159763
80	7250	157533
80	7000	155220
80	6750	153232
80	6500	151112
80	6250	149527
80	6000	147963
80	5750	145495
80	5500	143595
80	5250	141322
80	5000	138556
80	4750	135910
80	4500	132423
80	4250	129949
80	4000	127174
80	3750	124417
80	3500	119256
80	3250	115393
80	3000	112171
80	2750	108228
80	2500	102770
80	2250	96934
80	2000	93256
80	1750	88272
80	1500	83041
80	1250	77088
80	1000	71341
80	750	65194
80	500	56221
80	250	42223
80	100	33733
80	75	31866
80	50	27178
80	25	21119
80	10000	177124
80	9750	175716
80	9500	174006
80	9250	172440
80	9000	170788
80	8750	169407
80	8500	167008
80	8250	164778
80	8000	163219
80	7750	160915
80	7500	159188
80	7250	157187
80	7000	154838
80	6750	152770
80	6500	151127
80	6250	148265
80	6000	146708
80	5750	144802
80	5500	142670
80	5250	139762
80	5000	137399
80	4750	134110
80	4500	131391
80	4250	127573
80	4000	124623
80	3750	119521
80	3500	115940
80	3250	112870
80	3000	110231
80	2750	107832
80	2500	105442
80	2250	101403
80	2000	96333
80	1750	91944
80	1500	87770
80	1250	82364
80	1000	75271
80	750	66149
80	500	56989
80	250	43961
80	100	33411
80	75	30702
80	50	28350
80	25	22420
80	10000	177501
80	9750	175458
80	9500	174214
80	9250	172239
80	9000	170555
80	8750	168730
80	8500	167163
80	8250	165451
80	8000	163346
80	7750	161020
80	7500	159002
80	7250	157553
80	7000	155309
80	6750	153506
80	6500	150142
80	6250	147877
80	6000	145801
80	5750	142969
80	5500	140375
80	5250	137389
80	5000	135296
80	4750	132529
80	4500	130693
80	4250	127957
80	4000	124826
80	3750	122072
80	3500	117344
80	3250	115293
80	3000	112436
80	2750	109324
80	2500	105328
80	2250	102861
80	2000	99265
80	1750	94290
80	1500	88606
80	1250	82987
80	1000	77425
80	750	70275
80	500	61592
80	250	47161
80	100	33607
80	75	31020
80	50	27318
80	25	23666
80	10000	177361
80	9750	175755
80	9500	174498
80	9250	172457
80	9000	170832
80	8750	168595
80	8500	166083
80	8250	164455
80	8000	162555
80	7750	160766
80	7500	159446
80	7250	157722
80	7000	155101
80	6750	152867
80	6500	150941
80	6250	149383
80	6000	147218
80	5750	145292
80	5500	142344
80	5250	139910
80	5000	138102
80	4750	134429
80	4500	131507
80	4250	129303
80	4000	127057
80	3750	124205
80	3500	122149
80	3250	118822
80	3000	115777
80	2750	111947
80	2500	105973
80	2250	100840
80	2000	97163
80	1750	92416
80	1500	86916
80	1250	80883
80	1000	74501
80	750	68468
80	500	57407
80	250	44634
80	100	35865
80	75	32080
80	50	27703
80	25	24437
70	10000	183427
70	9750	181566
70	9500	180123
70	9250	178946
70	9000	176826
70	8750	174950
70	8500	172998
70	8250	171785
70	8000	169920
70	7750	168186
70	7500	166644
70	7250	164373
70	7000	162702
70	6750	160052
70	6500	158549
70	6250	156660
70	6000	153823
70	5750	151619
70	5500	149319
70	5250	146323
70	5000	143816
70	4750	141139
70	4500	139165
70	4250	135559
70	4000	130771
70	3750	127791
70	3500	123523
70	3250	119565
70	3000	116337
70	2750	111295
70	2500	107706
70	2250	103764
70	2000	97704
70	1750	93228
70	1500	88362
70	1250	83289
70	1000	77110
70	750	68228
70	500	56845
70	250	45826
70	100	35251
70	75	32308
70	50	28346
70	25	23199
70	10000	182702
70	9750	181108
70	9500	179214
70	9250	177076
70	9000	175308
70	8750	173850
70	8500	172045
70	8250	168713
70	8000	167051
70	7750	165236
70	7500	162835
70	7250	160236
70	7000	158675
70	6750	156765
70	6500	152377
70	6250	150497
70	6000	148879
70	5750	145552
70	5500	143023
70	5250	140633
70	5000	137863
70	4750	135227
70	4500	132559
70	4250	130400
70	4000	127315
70	3750	123622
70	3500	120537
70	3250	117519
70	3000	114235
70	2750	110668
70	2500	106596
70	2250	102435
70	2000	97950
70	1750	92634
70	1500	86610
70	1250	82381
70	1000	76942
70	750	69261
70	500	59755
70	250	46445
70	100	36229
70	75	33534
70	50	29523
70	25	21123
70	10000	183016
70	9750	181413
70	9500	179752
70	9250	177588
70	9000	176295
70	8750	174411
70	8500	171534
70	8250	169453
70	8000	168011
70	7750	167211
70	7500	165115
70	7250	164052
70	7000	161347
70	6750	159253
70	6500	157660
70	6250	156107
70	6000	154009
70	5750	150625
70	5500	147393
70	5250	144961
70	5000	141877
70	4750	138566
70	4500	134719
70	4250	130990
70	4000	127401
70	3750	123627
70	3500	118833
70	3250	116564
70	3000	113516
70	2750	109688
70	2500	105429
70	2250	101019
70	2000	97127
70	1750	91166
70	1500	85488
70	1250	81140
70	1000	73127
70	750	64688
70	500	56449
70	250	46271
70	100	35343
70	75	32224
70	50	28674
70	25	24616
70	10000	183450
70	9750	181803
70	9500	180703
70	9250	179288
70	9000	177657
70	8750	175986
70	8500	174242
70	8250	171908
70	8000	169785
70	7750	168097
70	7500	166099
70	7250	164194
70	7000	162353
70	6750	160283
70	6500	157963
70	6250	155237
70	6000	152316
70	5750	149803
70	5500	148199
70	5250	145107
70	5000	142746
70	4750	141129
70	4500	137593
70	4250	135440
70	4000	130467
70	3750	126927
70	3500	122833
70	3250	120428
70	3000	117365
70	2750	112916
70	2500	109451
70	2250	104009
70	2000	99704
70	1750	95476
70	1500	90268
70	1250	85213
70	1000	77350
70	750	70564
70	500	59354
70	250	46484
70	100	35775
70	75	31700
70	50	27924
70	25	22164
70	10000	183029
70	9750	181657
70	9500	180266
70	9250	178161
70	9000	175150
70	8750	173300
70	8500	171763
70	8250	170613
70	8000	169213
70	7750	167014
70	7500	165120
70	7250	163499
70	7000	160603
70	6750	158763
70	6500	156558
70	6250	153772
70	6000	151263
70	5750	148610
70	5500	146425
70	5250	144218
70	5000	142053
70	4750	139006
70	4500	136355
70	4250	133679
70	4000	130605
70	3750	128249
70	3500	125127
70	3250	121984
70	3000	117828
70	2750	113569
70	2500	110547
70	2250	105928
70	2000	101318
70	1750	95984
70	1500	90298
70	1250	84906
70	1000	78306
70	750	71561
70	500	62764
70	250	47686
70	100	36956
70	75	32354
70	50	28889
70	25	23774
70	10000	183351
70	9750	182109
70	9500	180810
70	9250	179188
70	9000	177309
70	8750	175662
70	8500	173867
70	8250	172124
70	8000	170369
70	7750	168190
70	7500	165991
70	7250	162711
70	7000	160724
70	6750	158614
70	6500	157102
70	6250	154652
70	6000	152349
70	5750	149707
70	5500	147475
70	5250	144802
70	5000	142289
70	4750	139393
70	4500	135957
70	4250	132629
70	4000	130149
70	3750	125376
70	3500	122122
70	3250	119036
70	3000	115498
70	2750	111643
70	2500	107821
70	2250	104264
70	2000	100184
70	1750	96013
70	1500	91166
70	1250	84870
70	1000	77166
70	750	69917
70	500	58505
70	250	46577
70	100	34265
70	75	31138
70	50	29185
70	25	25039
70	10000	183085
70	9750	181770
70	9500	179967
70	9250	177117
70	9000	175676
70	8750	173759
70	8500	172112
70	8250	170373
70	8000	168526
70	7750	167028
70	7500	165079
70	7250	162791
70	7000	160428
70	6750	158412
70	6500	156252
70	6250	154609
70	6000	153005
70	5750	150545
70	5500	148611
70	5250	146297
70	5000	143484
70	4750	140741
70	4500	137227
70	4250	134686
70	4000	131865
70	3750	129050
70	3500	123807
70	3250	119986
70	3000	116654
70	2750	112610
70	2500	107076
70	2250	100029
70	2000	96173
70	1750	91120
70	1500	85775
70	1250	79629
70	1000	73860
70	750	67568
70	500	58372
70	250	44136
70	100	34787
70	75	32805
70	50	28066
70	25	21835
70	10000	182675
70	9750	181095
70	9500	179646
70	9250	178030
70	9000	176408
70	8750	174941
70	8500	172497
70	8250	170190
70	8000	168462
70	7750	166229
70	7500	164333
70	7250	162370
70	7000	159285
70	6750	157510
70	6500	155386
70	6250	152982
70	6000	150021
70	5750	147523
70	5500	145105
70	5250	142159
70	5000	139781
70	4750	136472
70	4500	133740
70	4250	129891
70	4000	126928
70	3750	121782
70	3500	118183
70	3250	115182
70	3000	112412
70	2750	109979
70	2500	107553
70	2250	103461
70	2000	98367
70	1750	93927
70	1500	89648
70	1250	84147
70	1000	76979
70	750	67766
70	500	58544
70	250	45683
70	100	34956
70	75	31700
70	50	29335
70	25	22903
70	10000	182995
70	9750	181133
70	9500	179565
70	9250	177461
70	9000	175768
70	8750	173492
70	8500	172430
70	8250	170677
70	8000	168062
70	7750	165249
70	7500	163761
70	7250	162073
70	7000	159324
70	6750	156782
70	6500	153364
70	6250	150788
70	6000	148708
70	5750	145507
70	5500	142889
70	5250	140755
70	5000	139042
70	4750	136582
70	4500	135318
70	4250	132556
70	4000	129177
70	3750	126132
70	3500	120593
70	3250	118606
70	3000	115679
70	2750	112387
70	2500	108424
70	2250	105758
70	2000	101166
70	1750	96184
70	1500	90510
70	1250	85623
70	1000	79915
70	750	72642
70	500	63831
70	250	49023
70	100	35070
70	75	32394
70	50	28681
70	25	24307
70	10000	182972
70	9750	181336
70	9500	179998
70	9250	177927
70	9000	176312
70	8750	174121
70	8500	171527
70	8250	169521
70	8000	166986
70	7750	165040
70	7500	164280
70	7250	162704
70	7000	160015
70	6750	157756
70	6500	155749
70	6250	154181
70	6000	151321
70	5750	149350
70	5500	146330
70	5250	143730
70	5000	141923
70	4750	138191
70	4500	135139
70	4250	132880
70	4000	130498
70	3750	127493
70	3500	125574
70	3250	122207
70	3000	119012
70	2750	115108
70	2500	108583
70	2250	103015
70	2000	99894
70	1750	94370
70	1500	88889
70	1250	82933
70	1000	76269
70	750	70571
70	500	58990
70	250	46471
70	100	37279
70	75	33004
70	50	28638
70	25	25032
60	10000	185805
60	9750	183936
60	9500	182477
60	9250	181367
60	9000	179207
60	8750	177415
60	8500	175462
60	8250	174235
60	8000	172240
60	7750	170372
60	7500	168782
60	7250	166474
60	7000	164797
60	6750	162105
60	6500	160577
60	6250	158661
60	6000	155823
60	5750	153669
60	5500	151308
60	5250	148341
60	5000	145906
60	4750	143413
60	4500	141741
60	4250	138300
60	4000	134652
60	3750	131703
60	3500	127226
60	3250	123390
60	3000	120118
60	2750	113853
60	2500	109929
60	2250	106181
60	2000	100248
60	1750	95231
60	1500	89934
60	1250	84830
60	1000	79167
60	750	70235
60	500	58669
60	250	47345
60	100	36169
60	75	33555
60	50	29394
60	25	24247
60	10000	185076
60	9750	183611
60	9500	181656
60	9250	179419
60	9000	177587
60	8750	176139
60	8500	174295
60	8250	170966
60	8000	169459
60	7750	167510
60	7500	165149
60	7250	162434
60	7000	161168
60	6750	159507
60	6500	154850
60	6250	152703
60	6000	150909
60	5750	147662
60	5500	144982
60	5250	142568
60	5000	139770
60	4750	137119
60	4500	134439
60	4250	132338
60	4000	129178
60	3750	125717
60	3500	123343
60	3250	119871
60	3000	116167
60	2750	112501
60	2500	108356
60	2250	104087
60	2000	99482
60	1750	94143
60	1500	88083
60	1250	83790
60	1000	78331
60	750	70891
60	500	61267
60	250	47911
60	100	37109
60	75	34437
60	50	30269
60	25	22114
60	10000	185650
60	9750	184451
60	9500	182973
60	9250	180715
60	9000	178976
60	8750	177258
60	8500	175322
60	8250	174029
60	8000	172352
60	7750	170374
60	7500	168674
60	7250	167451
60	7000	164695
60	6750	162741
60	6500	160903
60	6250	158993
60	6000	156543
60	5750	153043
60	5500	149716
60	5250	147086
60	5000	144459
60	4750	141002
60	4500	137675
60	4250	133942
60	4000	131046
60	3750	127488
60	3500	122722
60	3250	119848
60	3000	115702
60	2750	111697
60	2500	107933
60	2250	104777
60	2000	100359
60	1750	93661
60	1500	87777
60	1250	83163
60	1000	74584
60	750	65992
60	500	57686
60	250	47749
60	100	36486
60	75	33411
60	50	29396
60	25	25249
60	10000	185802
60	9750	184114
60	9500	182987
60	9250	181517
60	9000	179866
60	8750	178116
60	8500	176371
60	8250	173992
60	8000	171869
60	7750	170154
60	7500	168137
60	7250	166233
60	7000	164377
60	6750	162303
60	6500	159950
60	6250	157261
60	6000	154275
60	5750	151738
60	5500	150149
60	5250	147102
60	5000	144723
60	4750	143006
60	4500	139620
60	4250	137608
60	4000	132410
60	3750	128828
60	3500	124905
60	3250	122441
60	3000	119010
60	2750	114536
60	2500	111039
60	2250	105553
60	2000	101239
60	1750	96950
60	1500	91712
60	1250	86584
60	1000	78643
60	750	72430
60	500	61117
60	250	47542
60	100	37076
60	75	32624
60	50	28636
60	25	22938
60	10000	185604
60	9750	184225
60	9500	182919
60	9250	180638
60	9000	177771
60	8750	175814
60	8500	174007
60	8250	172868
60	8000	171377
60	7750	169166
60	7500	167244
60	7250	165566
60	7000	162644
60	6750	160805
60	6500	158561
60	6250	155795
60	6000	153257
60	5750	150555
60	5500	148327
60	5250	146126
60	5000	143907
60	4750	140843
60	4500	138181
60	4250	135451
60	4000	132351
60	3750	129968
60	3500	126831
60	3250	123648
60	3000	119460
60	2750	115172
60	2500	112095
60	2250	107456
60	2000	102779
60	1750	97419
60	1500	91674
60	1250	86251
60	1000	79606
60	750	72778
60	500	63946
60	250	49172
60	100	37898
60	75	33247
60	50	29702
60	25	24730
60	10000	185763
60	9750	184433
60	9500	183067
60	9250	181450
60	9000	179674
60	8750	177900
60	8500	176125
60	8250	174394
60	8000	172560
60	7750	170368
60	7500	168170
60	7250	164858
60	7000	162836
60	6750	160670
60	6500	159151
60	6250	156681
60	6000	154347
60	5750	151682
60	5500	149417
60	5250	146715
60	5000	144196
60	4750	141332
60	4500	137868
60	4250	134557
60	4000	132014
60	3750	127140
60	3500	123821
60	3250	120729
60	3000	117176
60	2750	113309
60	2500	109446
60	2250	105925
60	2000	101806
60	1750	97542
60	1500	92667
60	1250	86296
60	1000	78777
60	750	71166
60	500	60209
60	250	48127
60	100	35458
60	75	32453
60	50	30314
60	25	25836
60	10000	185380
60	9750	184083
60	9500	182213
60	9250	179307
60	9000	177832
60	8750	175886
60	8500	174233
60	8250	172490
60	8000	170606
60	7750	169083
60	7500	167134
60	7250	164832
60	7000	162475
60	6750	160444
60	6500	158290
60	6250	156626
60	6000	155007
60	5750	152492
60	5500	150549
60	5250	148214
60	5000	145354
60	4750	142592
60	4500	139024
60	4250	136454
60	4000	133620
60	3750	130803
60	3500	125528
60	3250	121676
60	3000	118324
60	2750	114255
60	2500	108676
60	2250	101527
60	2000	97692
60	1750	92556
60	1500	87119
60	1250	80913
60	1000	75073
60	750	68725
60	500	59463
60	250	45184
60	100	35627
60	75	33738
60	50	28876
60	25	22497
60	10000	185184
60	9750	183783
60	9500	182035
60	9250	180306
60	9000	178646
60	8750	177214
60	8500	174780
60	8250	172486
60	8000	170848
60	7750	168507
60	7500	166837
60	7250	164781
60	7000	161920
60	6750	159797
60	6500	158095
60	6250	155161
60	6000	153558
60	5750	151589
60	5500	148587
60	5250	145581
60	5000	143143
60	4750	139765
60	4500	136975
60	4250	133060
60	4000	130032
60	3750	124806
60	3500	121151
60	3250	117979
60	3000	115277
60	2750	112781
60	2500	110319
60	2250	106143
60	2000	101011
60	1750	96473
60	1500	92110
60	1250	86517
60	1000	79118
60	750	69764
60	500	60435
60	250	46903
60	100	35877
60	75	32879
60	50	30394
60	25	23888
60	10000	185616
60	9750	183540
60	9500	182239
60	9250	180197
60	9000	178498
60	8750	176612
60	8500	174877
60	8250	173088
60	8000	170907
60	7750	168516
60	7500	166444
60	7250	164846
60	7000	162638
60	6750	160718
60	6500	157306
60	6250	154963
60	6000	152852
60	5750	150014
60	5500	147304
60	5250	144269
60	5000	142076
60	4750	139200
60	4500	137325
60	4250	134507
60	4000	131407
60	3750	128494
60	3500	122494
60	3250	120376
60	3000	117441
60	2750	114240
60	2500	110111
60	2250	107552
60	2000	103830
60	1750	98751
60	1500	92901
60	1250	87090
60	1000	81358
60	750	73974
60	500	65033
60	250	50008
60	100	35912
60	75	33286
60	50	29443
60	25	24982
60	10000	185408
60	9750	183748
60	9500	182438
60	9250	180393
60	9000	178683
60	8750	176399
60	8500	173854
60	8250	171738
60	8000	169882
60	7750	168029
60	7500	166666
60	7250	164870
60	7000	162180
60	6750	159856
60	6500	157863
60	6250	156230
60	6000	153242
60	5750	151270
60	5500	148231
60	5250	145702
60	5000	143824
60	4750	140082
60	4500	137051
60	4250	134775
60	4000	132463
60	3750	129532
60	3500	127406
60	3250	123990
60	3000	120831
60	2750	116951
60	2500	110854
60	2250	105614
60	2000	101789
60	1750	96852
60	1500	91272
60	1250	85008
60	1000	78461
60	750	72248
60	500	60806
60	250	47537
60	100	38301
60	75	34333
60	50	29776
60	25	26155
50	10000	187562
50	9750	185674
50	9500	184210
50	9250	183095
50	9000	180922
50	8750	179135
50	8500	177176
50	8250	175943
50	8000	173937
50	7750	172060
50	7500	170463
50	7250	168136
50	7000	166454
50	6750	163745
50	6500	162219
50	6250	160286
50	6000	157434
50	5750	155271
50	5500	152912
50	5250	149950
50	5000	147499
50	4750	144980
50	4500	143304
50	4250	139851
50	4000	136197
50	3750	133234
50	3500	128735
50	3250	124876
50	3000	121605
50	2750	115302
50	2500	111363
50	2250	107602
50	2000	101638
50	1750	96582
50	1500	91212
50	1250	86094
50	1000	80381
50	750	71376
50	500	59781
50	250	48309
50	100	36993
50	75	34254
50	50	30039
50	25	24542
50	10000	186836
50	9750	185365
50	9500	183401
50	9250	181160
50	9000	179323
50	8750	177866
50	8500	176019
50	8250	172693
50	8000	171179
50	7750	169226
50	7500	166858
50	7250	164117
50	7000	162840
50	6750	161176
50	6500	156495
50	6250	154322
50	6000	152512
50	5750	149260
50	5500	146582
50	5250	144153
50	5000	141338
50	4750	138676
50	4500	135989
50	4250	133884
50	4000	130717
50	3750	127235
50	3500	124849
50	3250	121367
50	3000	117657
50	2750	113964
50	2500	109778
50	2250	105495
50	2000	100876
50	1750	95494
50	1500	89433
50	1250	85123
50	1000	79604
50	750	72080
50	500	62305
50	250	48847
50	100	37970
50	75	35161
50	50	30938
50	25	22464
50	10000	187416
50	9750	186227
50	9500	184734
50	9250	182469
50	9000	180717
50	8750	178998
50	8500	177037
50	8250	175725
50	8000	174049
50	7750	172064
50	7500	170346
50	7250	169106
50	7000	166336
50	6750	164371
50	6500	162532
50	6250	160599
50	6000	158149
50	5750	154623
50	5500	151280
50	5250	148634
50	5000	145992
50	4750	142511
50	4500	139162
50	4250	135428
50	4000	132522
50	3750	128954
50	3500	124175
50	3250	121281
50	3000	117121
50	2750	113106
50	2500	109334
50	2250	106152
50	2000	101705
50	1750	94964
50	1500	89055
50	1250	84423
50	1000	75782
50	750	67113
50	500	58744
50	250	48753
50	100	37373
50	75	34154
50	50	30058
50	25	25670
50	10000	187566
50	9750	185862
50	9500	184730
50	9250	183237
50	9000	181577
50	8750	179804
50	8500	178062
50	8250	175669
50	8000	173539
50	7750	171820
50	7500	169804
50	7250	167881
50	7000	166018
50	6750	163940
50	6500	161577
50	6250	158885
50	6000	155897
50	5750	153355
50	5500	151751
50	5250	148700
50	5000	146316
50	4750	144584
50	4500	141177
50	4250	139150
50	4000	133923
50	3750	130327
50	3500	126394
50	3250	123919
50	3000	120470
50	2750	115982
50	2500	112470
50	2250	106962
50	2000	102606
50	1750	98284
50	1500	93029
50	1250	87875
50	1000	79905
50	750	73648
50	500	62245
50	250	48514
50	100	37954
50	75	33357
50	50	29313
50	25	23448
50	10000	187361
50	9750	185966
50	9500	184656
50	9250	182374
50	9000	179505
50	8750	177528
50	8500	175705
50	8250	174565
50	8000	173059
50	7750	170841
50	7500	168909
50	7250	167237
50	7000	164318
50	6750	162468
50	6500	160206
50	6250	157426
50	6000	154863
50	5750	152172
50	5500	149933
50	5250	147719
50	5000	145504
50	4750	142415
50	4500	139729
50	4250	136996
50	4000	133855
50	3750	131469
50	3500	128311
50	3250	125108
50	3000	120903
50	2750	116571
50	2500	113489
50	2250	108823
50	2000	104135
50	1750	98748
50	1500	92985
50	1250	87553
50	1000	80850
50	750	73988
50	500	65062
50	250	50255
50	100	38755
50	75	33978
50	50	30398
50	25	25159
50	10000	187532
50	9750	186195
50	9500	184814
50	9250	183188
50	9000	181406
50	8750	179627
50	8500	177826
50	8250	176102
50	8000	174262
50	7750	172058
50	7500	169861
50	7250	166546
50	7000	164517
50	6750	162333
50	6500	160810
50	6250	158315
50	6000	155973
50	5750	153308
50	5500	151037
50	5250	148340
50	5000	145807
50	4750	142925
50	4500	139442
50	4250	136112
50	4000	133587
50	3750	128711
50	3500	125380
50	3250	122266
50	3000	118705
50	2750	114826
50	2500	110924
50	2250	107364
50	2000	103217
50	1750	98913
50	1500	94003
50	1250	87598
50	1000	80004
50	750	72324
50	500	61379
50	250	49077
50	100	36279
50	75	33179
50	50	31054
50	25	26555
50	10000	187136
50	9750	185836
50	9500	183955
50	9250	181049
50	9000	179563
50	8750	177613
50	8500	175946
50	8250	174195
50	8000	172299
50	7750	170780
50	7500	168822
50	7250	166514
50	7000	164150
50	6750	162107
50	6500	159949
50	6250	158268
50	6000	156646
50	5750	154118
50	5500	152162
50	5250	149804
50	5000	146944
50	4750	144170
50	4500	140589
50	4250	138018
50	4000	135177
50	3750	132321
50	3500	127026
50	3250	123171
50	3000	119788
50	2750	115695
50	2500	110096
50	2250	102940
50	2000	99087
50	1750	93923
50	1500	88451
50	1250	82211
50	1000	76321
50	750	69916
50	500	60573
50	250	46150
50	100	36368
50	75	34457
50	50	29564
50	25	23059
50	10000	186944
50	9750	185533
50	9500	183779
50	9250	182064
50	9000	180382
50	8750	178947
50	8500	176507
50	8250	174202
50	8000	172565
50	7750	170196
50	7500	168527
50	7250	166446
50	7000	163580
50	6750	161446
50	6500	159752
50	6250	156806
50	6000	155195
50	5750	153227
50	5500	150201
50	5250	147177
50	5000	144727
50	4750	141344
50	4500	138527
50	4250	134599
50	4000	131559
50	3750	126323
50	3500	122630
50	3250	119436
50	3000	116720
50	2750	114212
50	2500	111713
50	2250	107532
50	2000	102369
50	1750	97799
50	1500	93401
50	1250	87777
50	1000	80407
50	750	70982
50	500	61571
50	250	47881
50	100	36758
50	75	33710
50	50	31294
50	25	24445
50	10000	187384
50	9750	185294
50	9500	183997
50	9250	181950
50	9000	180240
50	8750	178335
50	8500	176578
50	8250	174789
50	8000	172597
50	7750	170191
50	7500	168106
50	7250	166509
50	7000	164301
50	6750	162377
50	6500	158953
50	6250	156602
50	6000	154485
50	5750	151625
50	5500	148898
50	5250	145855
50	5000	143646
50	4750	140749
50	4500	138854
50	4250	135987
50	4000	132886
50	3750	129945
50	3500	123944
50	3250	121804
50	3000	118853
50	2750	115641
50	2500	111500
50	2250	108907
50	2000	105196
50	1750	100053
50	1500	94180
50	1250	88338
50	1000	82589
50	750	75139
50	500	66119
50	250	50921
50	100	36785
50	75	34080
50	50	30133
50	25	25366
50	10000	187161
50	9750	185495
50	9500	184181
50	9250	182132
50	9000	180410
50	8750	178118
50	8500	175559
50	8250	173446
50	8000	171580
50	7750	169718
50	7500	168349
50	7250	166556
50	7000	163860
50	6750	161533
50	6500	159527
50	6250	157890
50	6000	154886
50	5750	152895
50	5500	149829
50	5250	147299
50	5000	145411
50	4750	141660
50	4500	138626
50	4250	136319
50	4000	133997
50	3750	131047
50	3500	128908
50	3250	125479
50	3000	122323
50	2750	118404
50	2500	112303
50	2250	107041
50	2000	103196
50	1750	98259
50	1500	92642
50	1250	86350
50	1000	79753
50	750	73501
50	500	61965
50	250	48521
50	100	39159
50	75	35055
50	50	30491
50	25	26666
99	10000	155637
99	9750	153897
99	9500	152634
99	9250	151617
99	9000	149669
99	8750	148154
99	8500	146507
99	8250	145401
99	8000	143675
99	7750	141811
99	7500	140581
99	7250	138383
99	7000	136897
99	6750	134310
99	6500	133028
99	6250	130927
99	6000	128491
99	5750	126918
99	5500	125040
99	5250	122592
99	5000	120417
99	4750	118099
99	4500	116729
99	4250	113068
99	4000	110062
99	3750	107129
99	3500	103304
99	3250	99806
99	3000	97122
99	2750	92591
99	2500	89362
99	2250	85808
99	2000	80973
99	1750	76331
99	1500	71998
99	1250	67364
99	1000	62864
99	750	55175
99	500	45606
99	250	36649
99	100	28346
99	75	23406
99	50	21352
99	25	18404
99	10000	155053
99	9750	153635
99	9500	151889
99	9250	149826
99	9000	148393
99	8750	147130
99	8500	145591
99	8250	142631
99	8000	141397
99	7750	139623
99	7500	137660
99	7250	135495
99	7000	134464
99	6750	132955
99	6500	129538
99	6250	127469
99	6000	126102
99	5750	123102
99	5500	120970
99	5250	118610
99	5000	116315
99	4750	113866
99	4500	111594
99	4250	109705
99	4000	107000
99	3750	103934
99	3500	102035
99	3250	98743
99	3000	95535
99	2750	92292
99	2500	88768
99	2250	84785
99	2000	81026
99	1750	76144
99	1500	70759
99	1250	66774
99	1000	62922
99	750	55892
99	500	48145
99	250	36624
99	100	29722
99	75	25555
99	50	22675
99	25	17350
99	10000	155508
99	9750	154331
99	9500	153152
99	9250	151144
99	9000	149696
99	8750	148002
99	8500	146452
99	8250	145226
99	8000	143889
99	7750	142074
99	7500	140686
99	7250	139478
99	7000	137046
99	6750	135335
99	6500	133851
99	6250	132146
99	6000	130141
99	5750	126944
99	5500	124131
99	5250	121718
99	5000	119500
99	4750	116325
99	4500	113579
99	4250	110027
99	4000	107665
99	3750	104455
99	3500	100276
99	3250	97763
99	3000	94175
99	2750	90532
99	2500	87442
99	2250	84527
99	2000	80751
99	1750	75771
99	1500	70907
99	1250	66751
99	1000	59636
99	750	51792
99	500	45201
99	250	36599
99	100	28418
99	75	22621
99	50	20508
99	25	18803
99	10000	155709
99	9750	154102
99	9500	153279
99	9250	151948
99	9000	150537
99	8750	149348
99	8500	147915
99	8250	145649
99	8000	143716
99	7750	142240
99	7500	140508
99	7250	138877
99	7000	137376
99	6750	135546
99	6500	133697
99	6250	131286
99	6000	128771
99	5750	126384
99	5500	125050
99	5250	122298
99	5000	120369
99	4750	118751
99	4500	115892
99	4250	114022
99	4000	110358
99	3750	107038
99	3500	103774
99	3250	101408
99	3000	98524
99	2750	94405
99	2500	91320
99	2250	86230
99	2000	82586
99	1750	78496
99	1500	74352
99	1250	68884
99	1000	62190
99	750	57469
99	500	47777
99	250	35972
99	100	28517
99	75	22951
99	50	20913
99	25	17875
99	10000	155459
99	9750	154227
99	9500	153171
99	9250	150964
99	9000	148558
99	8750	146912
99	8500	145350
99	8250	144344
99	8000	143199
99	7750	141218
99	7500	139665
99	7250	138130
99	7000	135594
99	6750	133924
99	6500	132103
99	6250	129531
99	6000	127439
99	5750	124905
99	5500	123574
99	5250	121633
99	5000	119778
99	4750	117003
99	4500	114886
99	4250	112372
99	4000	110457
99	3750	108333
99	3500	105665
99	3250	102710
99	3000	99097
99	2750	94844
99	2500	92256
99	2250	88271
99	2000	84539
99	1750	79624
99	1500	74673
99	1250	69474
99	1000	64215
99	750	57776
99	500	51262
99	250	38435
99	100	29675
99	75	22297
99	50	20596
99	25	18564
99	10000	155628
99	9750	154372
99	9500	153240
99	9250	151767
99	9000	150187
99	8750	148497
99	8500	146993
99	8250	145410
99	8000	143873
99	7750	141794
99	7500	139931
99	7250	136707
99	7000	135147
99	6750	133144
99	6500	131950
99	6250	129843
99	6000	127985
99	5750	125518
99	5500	123585
99	5250	121058
99	5000	118919
99	4750	116280
99	4500	113281
99	4250	110216
99	4000	108204
99	3750	103769
99	3500	100970
99	3250	97941
99	3000	94970
99	2750	91886
99	2500	88372
99	2250	85436
99	2000	82391
99	1750	78402
99	1500	74272
99	1250	68481
99	1000	61982
99	750	55383
99	500	46669
99	250	36019
99	100	27171
99	75	22668
99	50	21938
99	25	20569
99	10000	155234
99	9750	153989
99	9500	152399
99	9250	149855
99	9000	148660
99	8750	146845
99	8500	145502
99	8250	143927
99	8000	142323
99	7750	140842
99	7500	139151
99	7250	137024
99	7000	134964
99	6750	132980
99	6500	131122
99	6250	129557
99	6000	128251
99	5750	125855
99	5500	124321
99	5250	122022
99	5000	119731
99	4750	117153
99	4500	114282
99	4250	111891
99	4000	109299
99	3750	106902
99	3500	102474
99	3250	99015
99	3000	96443
99	2750	92997
99	2500	88352
99	2250	82791
99	2000	79682
99	1750	75165
99	1500	70646
99	1250	64856
99	1000	60244
99	750	54580
99	500	47243
99	250	34199
99	100	27675
99	75	23746
99	50	20827
99	25	17634
99	10000	155044
99	9750	153836
99	9500	152349
99	9250	150722
99	9000	149297
99	8750	148023
99	8500	145963
99	8250	143948
99	8000	142524
99	7750	140441
99	7500	138911
99	7250	136988
99	7000	134897
99	6750	132536
99	6500	130896
99	6250	127868
99	6000	127263
99	5750	125700
99	5500	123999
99	5250	120985
99	5000	118684
99	4750	115824
99	4500	113583
99	4250	110006
99	4000	107482
99	3750	102443
99	3500	99343
99	3250	96394
99	3000	93773
99	2750	92202
99	2500	90128
99	2250	86222
99	2000	81572
99	1750	77343
99	1500	73863
99	1250	68935
99	1000	63916
99	750	55464
99	500	47783
99	250	35441
99	100	27657
99	75	22840
99	50	21958
99	25	18628
99	10000	155445
99	9750	153540
99	9500	152464
99	9250	150611
99	9000	149137
99	8750	147458
99	8500	146088
99	8250	144446
99	8000	142641
99	7750	140465
99	7500	138693
99	7250	137137
99	7000	135324
99	6750	133537
99	6500	130591
99	6250	128462
99	6000	126747
99	5750	124236
99	5500	121968
99	5250	119294
99	5000	117396
99	4750	114642
99	4500	113071
99	4250	110441
99	4000	107814
99	3750	105296
99	3500	101082
99	3250	99035
99	3000	96568
99	2750	93689
99	2500	90247
99	2250	87867
99	2000	84996
99	1750	80194
99	1500	75258
99	1250	69901
99	1000	65403
99	750	58739
99	500	51264
99	250	38616
99	100	27608
99	75	22963
99	50	20633
99	25	18958
99	10000	155289
99	9750	153756
99	9500	152653
99	9250	150735
99	9000	149296
99	8750	147102
99	8500	144841
99	8250	143253
99	8000	141685
99	7750	139927
99	7500	138778
99	7250	137146
99	7000	134852
99	6750	132729
99	6500	131305
99	6250	129825
99	6000	127977
99	5750	125957
99	5500	123360
99	5250	120987
99	5000	119463
99	4750	116053
99	4500	113600
99	4250	111442
99	4000	109649
99	3750	106857
99	3500	105113
99	3250	102086
99	3000	99489
99	2750	95973
99	2500	90680
99	2250	85897
99	2000	83032
99	1750	78791
99	1500	74104
99	1250	68516
99	1000	63210
99	750	57560
99	500	47762
99	250	36624
99	100	29862
99	75	23833
99	50	21893
99	25	20880
98	10000	162861
98	9750	161143
98	9500	159847
98	9250	158786
98	9000	156823
98	8750	155198
98	8500	153403
98	8250	152344
98	8000	150493
98	7750	148817
98	7500	147360
98	7250	145322
98	7000	143750
98	6750	141224
98	6500	139828
98	6250	138021
98	6000	135361
98	5750	133368
98	5500	131133
98	5250	128566
98	5000	126371
98	4750	124197
98	4500	122770
98	4250	119587
98	4000	116331
98	3750	113729
98	3500	109674
98	3250	106132
98	3000	103260
98	2750	98532
98	2500	94955
98	2250	91517
98	2000	86060
98	1750	81443
98	1500	76714
98	1250	72207
98	1000	67108
98	750	59285
98	500	48770
98	250	39143
98	100	29573
98	75	26650
98	50	23881
98	25	18404
98	10000	162231
98	9750	160895
98	9500	159050
98	9250	157002
98	9000	155356
98	8750	154044
98	8500	152374
98	8250	149262
98	8000	147891
98	7750	146196
98	7500	143969
98	7250	141914
98	7000	140794
98	6750	139289
98	6500	135655
98	6250	133630
98	6000	132048
98	5750	128990
98	5500	126630
98	5250	124339
98	5000	121815
98	4750	119395
98	4500	116960
98	4250	115128
98	4000	112284
98	3750	109134
98	3500	107018
98	3250	103764
98	3000	100288
98	2750	97041
98	2500	93260
98	2250	89306
98	2000	85208
98	1750	80420
98	1500	74951
98	1250	71249
98	1000	66342
98	750	59597
98	500	51060
98	250	39665
98	100	30775
98	75	27941
98	50	25074
98	25	17350
98	10000	162731
98	9750	161622
98	9500	160258
98	9250	158159
98	9000	156574
98	8750	154959
98	8500	153187
98	8250	152030
98	8000	150519
98	7750	148722
98	7500	147154
98	7250	146062
98	7000	143482
98	6750	141765
98	6500	140109
98	6250	138379
98	6000	136229
98	5750	133048
98	5500	129946
98	5250	127551
98	5000	125219
98	4750	122082
98	4500	119069
98	4250	115571
98	4000	112997
98	3750	109746
98	3500	105299
98	3250	102700
98	3000	98820
98	2750	95128
98	2500	91784
98	2250	88922
98	2000	84857
98	1750	79861
98	1500	74592
98	1250	70453
98	1000	62692
98	750	54872
98	500	47651
98	250	39286
98	100	29757
98	75	26369
98	50	23688
98	25	18803
98	10000	162896
98	9750	161397
98	9500	160401
98	9250	159128
98	9000	157644
98	8750	156442
98	8500	154852
98	8250	152593
98	8000	150595
98	7750	149034
98	7500	147162
98	7250	145451
98	7000	143796
98	6750	141942
98	6500	139855
98	6250	137393
98	6000	134635
98	5750	132318
98	5500	130834
98	5250	128059
98	5000	125855
98	4750	124290
98	4500	121158
98	4250	119344
98	4000	115357
98	3750	112034
98	3500	108460
98	3250	106217
98	3000	103144
98	2750	99097
98	2500	95902
98	2250	90848
98	2000	86920
98	1750	83157
98	1500	78421
98	1250	73782
98	1000	66381
98	750	60875
98	500	50849
98	250	39013
98	100	30177
98	75	25257
98	50	23130
98	25	17875
98	10000	162745
98	9750	161416
98	9500	160246
98	9250	158123
98	9000	155488
98	8750	153785
98	8500	152088
98	8250	151038
98	8000	149843
98	7750	147871
98	7500	146139
98	7250	144655
98	7000	141981
98	6750	140335
98	6500	138309
98	6250	135775
98	6000	133403
98	5750	130940
98	5500	129309
98	5250	127352
98	5000	125374
98	4750	122524
98	4500	120077
98	4250	117535
98	4000	115523
98	3750	113426
98	3500	110537
98	3250	107635
98	3000	103778
98	2750	99758
98	2500	96976
98	2250	92788
98	2000	88587
98	1750	83707
98	1500	78475
98	1250	73593
98	1000	67660
98	750	61394
98	500	53857
98	250	40844
98	100	31129
98	75	26371
98	50	24163
98	25	18564
98	10000	162800
98	9750	161606
98	9500	160478
98	9250	158912
98	9000	157211
98	8750	155628
98	8500	153971
98	8250	152362
98	8000	150731
98	7750	148723
98	7500	146659
98	7250	143454
98	7000	141664
98	6750	139674
98	6500	138332
98	6250	136328
98	6000	134126
98	5750	131701
98	5500	129628
98	5250	127153
98	5000	124883
98	4750	122317
98	4500	119071
98	4250	116031
98	4000	113736
98	3750	109253
98	3500	106173
98	3250	103339
98	3000	100130
98	2750	96689
98	2500	93116
98	2250	89956
98	2000	86376
98	1750	82493
98	1500	78123
98	1250	72323
98	1000	65366
98	750	59521
98	500	50065
98	250	39287
98	100	28534
98	75	25626
98	50	24469
98	25	20569
98	10000	162446
98	9750	161270
98	9500	159590
98	9250	157054
98	9000	155663
98	8750	153926
98	8500	152415
98	8250	150868
98	8000	149184
98	7750	147807
98	7500	145963
98	7250	143874
98	7000	141667
98	6750	139796
98	6500	137794
98	6250	136328
98	6000	134871
98	5750	132477
98	5500	130629
98	5250	128516
98	5000	125940
98	4750	123428
98	4500	120122
98	4250	117802
98	4000	115219
98	3750	112684
98	3500	107894
98	3250	104368
98	3000	101432
98	2750	97750
98	2500	92704
98	2250	87069
98	2000	83679
98	1750	79129
98	1500	74310
98	1250	68676
98	1000	63519
98	750	57865
98	500	49807
98	250	36387
98	100	28626
98	75	26541
98	50	23099
98	25	17634
98	10000	162245
98	9750	161008
98	9500	159392
98	9250	157799
98	9000	156277
98	8750	154992
98	8500	152714
98	8250	150635
98	8000	149155
98	7750	147018
98	7500	145459
98	7250	143600
98	7000	141475
98	6750	139459
98	6500	137976
98	6250	135276
98	6000	133865
98	5750	132102
98	5500	130105
98	5250	127378
98	5000	125150
98	4750	122029
98	4500	119559
98	4250	115895
98	4000	113092
98	3750	108182
98	3500	104909
98	3250	102059
98	3000	99550
98	2750	97303
98	2500	95124
98	2250	91369
98	2000	86656
98	1750	82578
98	1500	78601
98	1250	73645
98	1000	67114
98	750	58487
98	500	50193
98	250	38169
98	100	28932
98	75	26146
98	50	24781
98	25	18628
98	10000	162697
98	9750	160773
98	9500	159686
98	9250	157796
98	9000	156149
98	8750	154405
98	8500	152938
98	8250	151301
98	8000	149316
98	7750	147136
98	7500	145211
98	7250	143756
98	7000	141764
98	6750	140020
98	6500	136790
98	6250	134683
98	6000	132728
98	5750	130197
98	5500	127829
98	5250	125101
98	5000	123112
98	4750	120445
98	4500	118707
98	4250	116102
98	4000	113295
98	3750	110676
98	3500	106168
98	3250	104223
98	3000	101535
98	2750	98690
98	2500	94958
98	2250	92726
98	2000	89464
98	1750	84771
98	1500	79429
98	1250	74093
98	1000	69022
98	750	62374
98	500	54422
98	250	41240
98	100	28957
98	75	26109
98	50	23364
98	25	18958
98	10000	162507
98	9750	160965
98	9500	159811
98	9250	157873
98	9000	156291
98	8750	154139
98	8500	151744
98	8250	150228
98	8000	148522
98	7750	146839
98	7500	145697
98	7250	143954
98	7000	141489
98	6750	139352
98	6500	137654
98	6250	136295
98	6000	134283
98	5750	132419
98	5500	129664
98	5250	127360
98	5000	125654
98	4750	122133
98	4500	119447
98	4250	117433
98	4000	115385
98	3750	112718
98	3500	110817
98	3250	107734
98	3000	104996
98	2750	101424
98	2500	95792
98	2250	90932
98	2000	87566
98	1750	83155
98	1500	77929
98	1250	72300
98	1000	66479
98	750	60937
98	500	50446
98	250	39103
98	100	31160
98	75	27227
98	50	24254
98	25	20880
97	10000	165983
97	9750	164220
97	9500	162890
97	9250	161849
97	9000	159827
97	8750	158179
97	8500	156357
97	8250	155270
97	8000	153406
97	7750	151655
97	7500	150222
97	7250	148057
97	7000	146520
97	6750	143967
97	6500	142565
97	6250	140775
97	6000	138120
97	5750	136091
97	5500	133940
97	5250	131281
97	5000	128993
97	4750	126742
97	4500	125281
97	4250	122008
97	4000	118644
97	3750	115946
97	3500	111828
97	3250	108258
97	3000	105231
97	2750	100414
97	2500	96884
97	2250	93443
97	2000	87991
97	1750	83231
97	1500	78486
97	1250	73748
97	1000	68613
97	750	60672
97	500	50019
97	250	40030
97	100	30270
97	75	27765
97	50	23881
97	25	18404
97	10000	165317
97	9750	163940
97	9500	162122
97	9250	159997
97	9000	158328
97	8750	156977
97	8500	155225
97	8250	152085
97	8000	150725
97	7750	148888
97	7500	146681
97	7250	144539
97	7000	143400
97	6750	141849
97	6500	138199
97	6250	136160
97	6000	134589
97	5750	131573
97	5500	129156
97	5250	126881
97	5000	124300
97	4750	121819
97	4500	119347
97	4250	117445
97	4000	114559
97	3750	111354
97	3500	109230
97	3250	105955
97	3000	102474
97	2750	99068
97	2500	95279
97	2250	91236
97	2000	87035
97	1750	82023
97	1500	76469
97	1250	72623
97	1000	67721
97	750	60789
97	500	52331
97	250	40376
97	100	31272
97	75	28935
97	50	25074
97	25	17350
97	10000	165860
97	9750	164746
97	9500	163396
97	9250	161288
97	9000	159676
97	8750	158041
97	8500	156251
97	8250	155037
97	8000	153490
97	7750	151645
97	7500	150049
97	7250	148914
97	7000	146346
97	6750	144547
97	6500	142859
97	6250	141092
97	6000	138936
97	5750	135709
97	5500	132593
97	5250	130161
97	5000	127789
97	4750	124529
97	4500	121469
97	4250	117949
97	4000	115335
97	3750	111999
97	3500	107526
97	3250	104876
97	3000	101054
97	2750	97274
97	2500	93911
97	2250	90981
97	2000	86936
97	1750	81789
97	1500	76435
97	1250	72129
97	1000	64342
97	750	56227
97	500	48891
97	250	40101
97	100	30495
97	75	27525
97	50	23688
97	25	18803
97	10000	165987
97	9750	164386
97	9500	163379
97	9250	162028
97	9000	160522
97	8750	159312
97	8500	157725
97	8250	155432
97	8000	153412
97	7750	151820
97	7500	149945
97	7250	148160
97	7000	146488
97	6750	144561
97	6500	142457
97	6250	139948
97	6000	137199
97	5750	134830
97	5500	133410
97	5250	130524
97	5000	128373
97	4750	126798
97	4500	123645
97	4250	121764
97	4000	117690
97	3750	114294
97	3500	110697
97	3250	108389
97	3000	105292
97	2750	101199
97	2500	97860
97	2250	92770
97	2000	88840
97	1750	84893
97	1500	80208
97	1250	75377
97	1000	68089
97	750	62372
97	500	52132
97	250	39770
97	100	30850
97	75	26605
97	50	23130
97	25	17875
97	10000	165806
97	9750	164545
97	9500	163360
97	9250	161196
97	9000	158520
97	8750	156719
97	8500	154999
97	8250	153966
97	8000	152608
97	7750	150583
97	7500	148838
97	7250	147293
97	7000	144560
97	6750	142874
97	6500	140836
97	6250	138248
97	6000	135882
97	5750	133334
97	5500	131737
97	5250	129728
97	5000	127696
97	4750	124813
97	4500	122401
97	4250	119870
97	4000	117751
97	3750	115549
97	3500	112646
97	3250	109665
97	3000	105817
97	2750	101761
97	2500	98986
97	2250	94675
97	2000	90495
97	1750	85526
97	1500	80279
97	1250	75273
97	1000	69247
97	750	62830
97	500	55071
97	250	41753
97	100	31924
97	75	27542
97	50	24163
97	25	18564
97	10000	165946
97	9750	164698
97	9500	163430
97	9250	161935
97	9000	160286
97	8750	158629
97	8500	156988
97	8250	155373
97	8000	153724
97	7750	151669
97	7500	149635
97	7250	146422
97	7000	144597
97	6750	142572
97	6500	141208
97	6250	139064
97	6000	136909
97	5750	134444
97	5500	132362
97	5250	129812
97	5000	127526
97	4750	124876
97	4500	121633
97	4250	118490
97	4000	116172
97	3750	111545
97	3500	108659
97	3250	105672
97	3000	102398
97	2750	98852
97	2500	95226
97	2250	91986
97	2000	88342
97	1750	84355
97	1500	80046
97	1250	74128
97	1000	67154
97	750	61184
97	500	51377
97	250	40287
97	100	29205
97	75	26698
97	50	24469
97	25	20569
97	10000	165548
97	9750	164319
97	9500	162596
97	9250	160032
97	9000	158651
97	8750	156836
97	8500	155326
97	8250	153728
97	8000	151999
97	7750	150576
97	7500	148761
97	7250	146633
97	7000	144429
97	6750	142501
97	6500	140488
97	6250	138967
97	6000	137518
97	5750	135118
97	5500	133363
97	5250	131206
97	5000	128571
97	4750	126016
97	4500	122686
97	4250	120311
97	4000	117693
97	3750	115110
97	3500	110194
97	3250	106592
97	3000	103569
97	2750	99796
97	2500	94673
97	2250	89044
97	2000	85644
97	1750	80882
97	1500	76057
97	1250	70224
97	1000	65008
97	750	59184
97	500	51004
97	250	37407
97	100	29295
97	75	27523
97	50	23099
97	25	17634
97	10000	165380
97	9750	164091
97	9500	162468
97	9250	160852
97	9000	159303
97	8750	157978
97	8500	155693
97	8250	153566
97	8000	152060
97	7750	149885
97	7500	148325
97	7250	146413
97	7000	144194
97	6750	142194
97	6500	140698
97	6250	137936
97	6000	136509
97	5750	134678
97	5500	132681
97	5250	129885
97	5000	127644
97	4750	124468
97	4500	121949
97	4250	118252
97	4000	115438
97	3750	110442
97	3500	107068
97	3250	104123
97	3000	101595
97	2750	99266
97	2500	97098
97	2250	93221
97	2000	88443
97	1750	84246
97	1500	80277
97	1250	75135
97	1000	68551
97	750	59798
97	500	51311
97	250	38897
97	100	29566
97	75	27050
97	50	24781
97	25	18628
97	10000	165797
97	9750	163878
97	9500	162705
97	9250	160796
97	9000	159217
97	8750	157464
97	8500	155982
97	8250	154320
97	8000	152337
97	7750	150093
97	7500	148181
97	7250	146679
97	7000	144669
97	6750	142866
97	6500	139629
97	6250	137466
97	6000	135507
97	5750	132878
97	5500	130388
97	5250	127562
97	5000	125539
97	4750	122837
97	4500	121087
97	4250	118412
97	4000	115533
97	3750	112836
97	3500	108307
97	3250	106351
97	3000	103642
97	2750	100636
97	2500	96897
97	2250	94551
97	2000	91260
97	1750	86500
97	1500	81077
97	1250	75657
97	1000	70524
97	750	63710
97	500	55711
97	250	42183
97	100	29648
97	75	27257
97	50	23364
97	25	18958
97	10000	165608
97	9750	164049
97	9500	162870
97	9250	160933
97	9000	159360
97	8750	157165
97	8500	154741
97	8250	153193
97	8000	151492
97	7750	149775
97	7500	148522
97	7250	146826
97	7000	144329
97	6750	142188
97	6500	140395
97	6250	138932
97	6000	136857
97	5750	134937
97	5500	132154
97	5250	129842
97	5000	128140
97	4750	124554
97	4500	121813
97	4250	119718
97	4000	117668
97	3750	114965
97	3500	112988
97	3250	109841
97	3000	107083
97	2750	103453
97	2500	97725
97	2250	92657
97	2000	89322
97	1750	84896
97	1500	79706
97	1250	73904
97	1000	68011
97	750	62247
97	500	51895
97	250	39933
97	100	32115
97	75	28398
97	50	24254
97	25	20880
96	10000	168297
96	9750	166535
96	9500	165171
96	9250	164143
96	9000	162101
96	8750	160424
96	8500	158606
96	8250	157490
96	8000	155609
96	7750	153838
96	7500	152351
96	7250	150194
96	7000	148670
96	6750	146105
96	6500	144688
96	6250	142890
96	6000	140174
96	5750	138158
96	5500	135998
96	5250	133332
96	5000	131008
96	4750	128722
96	4500	127206
96	4250	123937
96	4000	120515
96	3750	117791
96	3500	113611
96	3250	110022
96	3000	106968
96	2750	102107
96	2500	98497
96	2250	95035
96	2000	89432
96	1750	84698
96	1500	79805
96	1250	75096
96	1000	69877
96	750	61731
96	500	50848
96	250	40835
96	100	30748
96	75	28360
96	50	24741
96	25	20541
96	10000	167632
96	9750	166257
96	9500	164416
96	9250	162287
96	9000	160581
96	8750	159222
96	8500	157467
96	8250	154316
96	8000	152925
96	7750	151080
96	7500	148838
96	7250	146707
96	7000	145546
96	6750	143987
96	6500	140291
96	6250	138250
96	6000	136583
96	5750	133489
96	5500	131028
96	5250	128734
96	5000	126122
96	4750	123620
96	4500	121091
96	4250	119213
96	4000	116272
96	3750	113029
96	3500	110859
96	3250	107598
96	3000	104093
96	2750	100678
96	2500	96796
96	2250	92774
96	2000	88554
96	1750	83586
96	1500	77864
96	1250	73986
96	1000	68982
96	750	62069
96	500	53272
96	250	41105
96	100	31741
96	75	29478
96	50	25834
96	25	18873
96	10000	168184
96	9750	167070
96	9500	165705
96	9250	163576
96	9000	161931
96	8750	160308
96	8500	158488
96	8250	157264
96	8000	155684
96	7750	153823
96	7500	152246
96	7250	151109
96	7000	148482
96	6750	146690
96	6500	145002
96	6250	143209
96	6000	141013
96	5750	137757
96	5500	134590
96	5250	132122
96	5000	129685
96	4750	126404
96	4500	123280
96	4250	119744
96	4000	117113
96	3750	113750
96	3500	109214
96	3250	106543
96	3000	102600
96	2750	98803
96	2500	95359
96	2250	92423
96	2000	88354
96	1750	83214
96	1500	77768
96	1250	73454
96	1000	65412
96	750	57325
96	500	49792
96	250	41018
96	100	31037
96	75	28188
96	50	24710
96	25	21503
96	10000	168306
96	9750	166706
96	9500	165664
96	9250	164295
96	9000	162771
96	8750	161535
96	8500	159915
96	8250	157621
96	8000	155588
96	7750	154015
96	7500	152099
96	7250	150309
96	7000	148618
96	6750	146672
96	6500	144510
96	6250	141988
96	6000	139193
96	5750	136830
96	5500	135373
96	5250	132483
96	5000	130273
96	4750	128706
96	4500	125509
96	4250	123612
96	4000	119461
96	3750	116085
96	3500	112397
96	3250	110086
96	3000	106897
96	2750	102799
96	2500	99463
96	2250	94343
96	2000	90251
96	1750	86257
96	1500	81401
96	1250	76571
96	1000	69133
96	750	63389
96	500	52959
96	250	40559
96	100	31343
96	75	27415
96	50	23812
96	25	19325
96	10000	168124
96	9750	166856
96	9500	165642
96	9250	163478
96	9000	160770
96	8750	158952
96	8500	157227
96	8250	156178
96	8000	154792
96	7750	152761
96	7500	150983
96	7250	149434
96	7000	146673
96	6750	144966
96	6500	142921
96	6250	140310
96	6000	137866
96	5750	135350
96	5500	133703
96	5250	131665
96	5000	129605
96	4750	126701
96	4500	124252
96	4250	121673
96	4000	119513
96	3750	117303
96	3500	114366
96	3250	111404
96	3000	107475
96	2750	103407
96	2500	100538
96	2250	96216
96	2000	91953
96	1750	86938
96	1500	81563
96	1250	76450
96	1000	70273
96	750	63841
96	500	55905
96	250	42617
96	100	32478
96	75	28264
96	50	25232
96	25	21153
96	10000	168279
96	9750	167019
96	9500	165737
96	9250	164214
96	9000	162536
96	8750	160874
96	8500	159220
96	8250	157596
96	8000	155901
96	7750	153834
96	7500	151744
96	7250	148544
96	7000	146681
96	6750	144647
96	6500	143247
96	6250	141103
96	6000	138933
96	5750	136454
96	5500	134329
96	5250	131777
96	5000	129461
96	4750	126816
96	4500	123517
96	4250	120368
96	4000	117997
96	3750	113345
96	3500	110259
96	3250	107374
96	3000	104017
96	2750	100436
96	2500	96790
96	2250	93498
96	2000	89776
96	1750	85749
96	1500	81221
96	1250	75196
96	1000	68074
96	750	62198
96	500	52209
96	250	41034
96	100	29674
96	75	27261
96	50	25428
96	25	22234
96	10000	167876
96	9750	166653
96	9500	164890
96	9250	162304
96	9000	160898
96	8750	159069
96	8500	157530
96	8250	155913
96	8000	154142
96	7750	152728
96	7500	150894
96	7250	148736
96	7000	146519
96	6750	144581
96	6500	142550
96	6250	141031
96	6000	139551
96	5750	137168
96	5500	135351
96	5250	133196
96	5000	130510
96	4750	127911
96	4500	124514
96	4250	122123
96	4000	119465
96	3750	116851
96	3500	111889
96	3250	108291
96	3000	105192
96	2750	101419
96	2500	96171
96	2250	90496
96	2000	86993
96	1750	82208
96	1500	77266
96	1250	71497
96	1000	66140
96	750	60303
96	500	51900
96	250	38354
96	100	29922
96	75	28310
96	50	24127
96	25	19364
96	10000	167700
96	9750	166415
96	9500	164768
96	9250	163112
96	9000	161546
96	8750	160217
96	8500	157928
96	8250	155781
96	8000	154238
96	7750	152065
96	7500	150471
96	7250	148542
96	7000	146285
96	6750	144274
96	6500	142717
96	6250	139950
96	6000	138473
96	5750	136622
96	5500	134584
96	5250	131785
96	5000	129497
96	4750	126329
96	4500	123688
96	4250	119963
96	4000	117112
96	3750	112118
96	3500	108694
96	3250	105730
96	3000	103168
96	2750	100867
96	2500	98589
96	2250	94587
96	2000	89790
96	1750	85640
96	1500	81591
96	1250	76411
96	1000	69703
96	750	60828
96	500	52034
96	250	39846
96	100	30165
96	75	27725
96	50	25596
96	25	20392
96	10000	168130
96	9750	166164
96	9500	164977
96	9250	163065
96	9000	161456
96	8750	159682
96	8500	158182
96	8250	156519
96	8000	154501
96	7750	152248
96	7500	150279
96	7250	148784
96	7000	146720
96	6750	144912
96	6500	141633
96	6250	139455
96	6000	137445
96	5750	134807
96	5500	132308
96	5250	129464
96	5000	127377
96	4750	124679
96	4500	122929
96	4250	120240
96	4000	117278
96	3750	114548
96	3500	109939
96	3250	107930
96	3000	105235
96	2750	102252
96	2500	98381
96	2250	96022
96	2000	92494
96	1750	87740
96	1500	82231
96	1250	76838
96	1000	71580
96	750	64799
96	500	56623
96	250	43047
96	100	30223
96	75	27925
96	50	24416
96	25	21015
96	10000	167913
96	9750	166350
96	9500	165154
96	9250	163198
96	9000	161594
96	8750	159405
96	8500	156982
96	8250	155396
96	8000	153652
96	7750	151933
96	7500	150646
96	7250	148970
96	7000	146439
96	6750	144289
96	6500	142474
96	6250	141000
96	6000	138903
96	5750	136987
96	5500	134143
96	5250	131821
96	5000	130080
96	4750	126478
96	4500	123682
96	4250	121552
96	4000	119443
96	3750	116681
96	3500	114718
96	3250	111551
96	3000	108610
96	2750	104970
96	2500	99170
96	2250	94184
96	2000	90736
96	1750	86207
96	1500	80892
96	1250	75069
96	1000	69052
96	750	63302
96	500	52712
96	250	40720
96	100	32603
96	75	29081
96	50	25002
96	25	22360