threshold	alignment_size	alignment_group	SNPs
90	10000	A	173228
90	9750	A	171916
90	9500	A	170153
90	9250	A	169307
90	9000	A	167422
90	8750	A	165164
90	8500	A	163153
90	8250	A	161307
90	8000	A	159339
90	7750	A	157016
90	7500	A	155023
90	7250	A	153019
90	7000	A	150311
90	6750	A	148595
90	6500	A	146613
90	6250	A	144853
90	6000	A	142983
90	5750	A	140144
90	5500	A	138246
90	5250	A	134800
90	5000	A	131401
90	4750	A	129489
90	4500	A	126520
90	4250	A	124069
90	4000	A	121588
90	3750	A	118286
90	3500	A	115102
90	3250	A	111826
90	3000	A	108725
90	2750	A	104668
90	2500	A	101481
90	2250	A	97253
90	2000	A	92510
90	1750	A	87691
90	1500	A	82832
90	1250	A	78081
90	1000	A	72301
90	750	A	65078
90	500	A	57045
90	250	A	42618
90	100	A	31909
90	75	A	29285
90	50	A	25982
90	25	A	20027
90	10000	B	173162
90	9750	B	170373
90	9500	B	168896
90	9250	B	167267
90	9000	B	165322
90	8750	B	163873
90	8500	B	161381
90	8250	B	160215
90	8000	B	158100
90	7750	B	156418
90	7500	B	154480
90	7250	B	152196
90	7000	B	150384
90	6750	B	148175
90	6500	B	145456
90	6250	B	144010
90	6000	B	142272
90	5750	B	140254
90	5500	B	138157
90	5250	B	136159
90	5000	B	134189
90	4750	B	132276
90	4500	B	129962
90	4250	B	126990
90	4000	B	124576
90	3750	B	121307
90	3500	B	118275
90	3250	B	114331
90	3000	B	110616
90	2750	B	106236
90	2500	B	101932
90	2250	B	98713
90	2000	B	93425
90	1750	B	88851
90	1500	B	84897
90	1250	B	79045
90	1000	B	73933
90	750	B	67746
90	500	B	58896
90	250	B	43275
90	100	B	31256
90	75	B	28608
90	50	B	25928
90	25	B	21562
90	10000	C	173361
90	9750	C	171583
90	9500	C	170280
90	9250	C	168873
90	9000	C	167008
90	8750	C	165566
90	8500	C	163609
90	8250	C	161858
90	8000	C	160421
90	7750	C	159044
90	7500	C	156581
90	7250	C	154976
90	7000	C	152606
90	6750	C	150208
90	6500	C	148636
90	6250	C	146884
90	6000	C	145013
90	5750	C	142160
90	5500	C	139958
90	5250	C	138012
90	5000	C	134147
90	4750	C	131126
90	4500	C	127999
90	4250	C	124919
90	4000	C	121526
90	3750	C	118378
90	3500	C	115935
90	3250	C	112013
90	3000	C	108720
90	2750	C	104451
90	2500	C	100036
90	2250	C	95022
90	2000	C	90419
90	1750	C	86962
90	1500	C	82646
90	1250	C	76328
90	1000	C	70744
90	750	C	63926
90	500	C	54274
90	250	C	42089
90	100	C	31577
90	75	C	29931
90	50	C	26409
90	25	C	20182
90	10000	D	173206
90	9750	D	171866
90	9500	D	169742
90	9250	D	168444
90	9000	D	166320
90	8750	D	164664
90	8500	D	162975
90	8250	D	160351
90	8000	D	159164
90	7750	D	157484
90	7500	D	156024
90	7250	D	154688
90	7000	D	152788
90	6750	D	150640
90	6500	D	149002
90	6250	D	145694
90	6000	D	143241
90	5750	D	140238
90	5500	D	138060
90	5250	D	135918
90	5000	D	133125
90	4750	D	130648
90	4500	D	127586
90	4250	D	123174
90	4000	D	119847
90	3750	D	115522
90	3500	D	112178
90	3250	D	109883
90	3000	D	106416
90	2750	D	103285
90	2500	D	98862
90	2250	D	95507
90	2000	D	90652
90	1750	D	85435
90	1500	D	78551
90	1250	D	72787
90	1000	D	66425
90	750	D	59616
90	500	D	52916
90	250	D	40760
90	100	D	30203
90	75	D	28651
90	50	D	25279
90	25	D	18732
90	10000	E	173111
90	9750	E	171340
90	9500	E	169584
90	9250	E	167833
90	9000	E	166542
90	8750	E	164387
90	8500	E	163432
90	8250	E	161680
90	8000	E	160014
90	7750	E	158038
90	7500	E	155477
90	7250	E	152617
90	7000	E	150254
90	6750	E	148672
90	6500	E	146809
90	6250	E	144589
90	6000	E	141994
90	5750	E	139165
90	5500	E	137903
90	5250	E	135595
90	5000	E	133224
90	4750	E	131091
90	4500	E	128444
90	4250	E	125687
90	4000	E	123116
90	3750	E	120168
90	3500	E	116081
90	3250	E	112344
90	3000	E	109354
90	2750	E	105673
90	2500	E	101945
90	2250	E	97446
90	2000	E	92830
90	1750	E	87861
90	1500	E	83019
90	1250	E	76927
90	1000	E	68065
90	750	E	61964
90	500	E	55034
90	250	E	42448
90	100	E	33250
90	75	E	28958
90	50	E	24947
90	25	E	20687
90	10000	F	173150
90	9750	F	172025
90	9500	F	169857
90	9250	F	168459
90	9000	F	167155
90	8750	F	165678
90	8500	F	164306
90	8250	F	162880
90	8000	F	160701
90	7750	F	159476
90	7500	F	157258
90	7250	F	154325
90	7000	F	153109
90	6750	F	151092
90	6500	F	148766
90	6250	F	146666
90	6000	F	144361
90	5750	F	142378
90	5500	F	140366
90	5250	F	138467
90	5000	F	135543
90	4750	F	133175
90	4500	F	129791
90	4250	F	127401
90	4000	F	124762
90	3750	F	120898
90	3500	F	118722
90	3250	F	115107
90	3000	F	111709
90	2750	F	108628
90	2500	F	103808
90	2250	F	101060
90	2000	F	96871
90	1750	F	92126
90	1500	F	86641
90	1250	F	79959
90	1000	F	72227
90	750	F	63877
90	500	F	53099
90	250	F	40745
90	100	F	29836
90	75	F	27307
90	50	F	24583
90	25	F	20555
90	10000	G	173781
90	9750	G	172639
90	9500	G	170916
90	9250	G	169642
90	9000	G	167773
90	8750	G	165948
90	8500	G	164050
90	8250	G	162515
90	8000	G	160410
90	7750	G	158415
90	7500	G	156287
90	7250	G	153640
90	7000	G	151585
90	6750	G	149632
90	6500	G	147402
90	6250	G	145460
90	6000	G	142941
90	5750	G	140892
90	5500	G	139030
90	5250	G	136441
90	5000	G	134584
90	4750	G	131996
90	4500	G	130364
90	4250	G	127261
90	4000	G	124497
90	3750	G	119776
90	3500	G	117487
90	3250	G	114562
90	3000	G	111202
90	2750	G	107944
90	2500	G	104313
90	2250	G	97683
90	2000	G	92854
90	1750	G	86363
90	1500	G	82196
90	1250	G	76546
90	1000	G	70108
90	750	G	62224
90	500	G	54391
90	250	G	41758
90	100	G	30581
90	75	G	27827
90	50	G	24778
90	25	G	20049
90	10000	H	173699
90	9750	H	172285
90	9500	H	171351
90	9250	H	169429
90	9000	H	167559
90	8750	H	165980
90	8500	H	164713
90	8250	H	163267
90	8000	H	161584
90	7750	H	160140
90	7500	H	156706
90	7250	H	154791
90	7000	H	152489
90	6750	H	150594
90	6500	H	148329
90	6250	H	146114
90	6000	H	142515
90	5750	H	140549
90	5500	H	138230
90	5250	H	134750
90	5000	H	132644
90	4750	H	129827
90	4500	H	126060
90	4250	H	123241
90	4000	H	120016
90	3750	H	116985
90	3500	H	113440
90	3250	H	110416
90	3000	H	107835
90	2750	H	104262
90	2500	H	100585
90	2250	H	96176
90	2000	H	89821
90	1750	H	86146
90	1500	H	79772
90	1250	H	75638
90	1000	H	70049
90	750	H	60069
90	500	H	52260
90	250	H	41503
90	100	H	32350
90	75	H	31190
90	50	H	27334
90	25	H	22412
90	10000	I	173707
90	9750	I	172103
90	9500	I	170088
90	9250	I	167280
90	9000	I	165584
90	8750	I	163481
90	8500	I	161751
90	8250	I	160177
90	8000	I	158681
90	7750	I	157107
90	7500	I	154752
90	7250	I	153182
90	7000	I	151207
90	6750	I	149055
90	6500	I	146913
90	6250	I	144484
90	6000	I	142342
90	5750	I	139347
90	5500	I	137081
90	5250	I	134953
90	5000	I	133230
90	4750	I	130554
90	4500	I	126744
90	4250	I	123874
90	4000	I	122002
90	3750	I	119322
90	3500	I	115515
90	3250	I	112960
90	3000	I	109452
90	2750	I	105592
90	2500	I	101984
90	2250	I	98159
90	2000	I	93343
90	1750	I	87928
90	1500	I	84263
90	1250	I	80563
90	1000	I	73727
90	750	I	67277
90	500	I	56360
90	250	I	43982
90	100	I	30886
90	75	I	28863
90	50	I	26189
90	25	I	21739
90	10000	J	173531
90	9750	J	172326
90	9500	J	170369
90	9250	J	168875
90	9000	J	167290
90	8750	J	165719
90	8500	J	164747
90	8250	J	162482
90	8000	J	160807
90	7750	J	158580
90	7500	J	156124
90	7250	J	154215
90	7000	J	152546
90	6750	J	150197
90	6500	J	147824
90	6250	J	146169
90	6000	J	144007
90	5750	J	140622
90	5500	J	137992
90	5250	J	135059
90	5000	J	132010
90	4750	J	129980
90	4500	J	127693
90	4250	J	124944
90	4000	J	121859
90	3750	J	119438
90	3500	J	117182
90	3250	J	113816
90	3000	J	110358
90	2750	J	106326
90	2500	J	102666
90	2250	J	97912
90	2000	J	93906
90	1750	J	88180
90	1500	J	82708
90	1250	J	75523
90	1000	J	69174
90	750	J	63321
90	500	J	56670
90	250	J	45943
90	100	J	32622
90	75	J	29852
90	50	J	26518
90	25	J	20516
100	10000	A	19932
100	9750	A	20285
100	9500	A	20634
100	9250	A	20956
100	9000	A	21277
100	8750	A	21327
100	8500	A	21567
100	8250	A	21763
100	8000	A	22138
100	7750	A	22357
100	7500	A	22751
100	7250	A	23067
100	7000	A	23429
100	6750	A	23993
100	6500	A	24390
100	6250	A	24686
100	6000	A	25066
100	5750	A	25399
100	5500	A	25833
100	5250	A	26042
100	5000	A	26414
100	4750	A	27511
100	4500	A	27607
100	4250	A	28282
100	4000	A	28688
100	3750	A	28682
100	3500	A	29679
100	3250	A	29639
100	3000	A	30249
100	2750	A	30410
100	2500	A	30391
100	2250	A	30207
100	2000	A	30628
100	1750	A	31132
100	1500	A	32207
100	1250	A	32932
100	1000	A	32656
100	750	A	32113
100	500	A	30802
100	250	A	25699
100	100	A	23132
100	75	A	22159
100	50	A	20320
100	25	A	17687
100	10000	B	19898
100	9750	B	20213
100	9500	B	20541
100	9250	B	21073
100	9000	B	21382
100	8750	B	21630
100	8500	B	21710
100	8250	B	22061
100	8000	B	22723
100	7750	B	22911
100	7500	B	23116
100	7250	B	23473
100	7000	B	24068
100	6750	B	24614
100	6500	B	24813
100	6250	B	25141
100	6000	B	25583
100	5750	B	26208
100	5500	B	26649
100	5250	B	27260
100	5000	B	28275
100	4750	B	29170
100	4500	B	29788
100	4250	B	30381
100	4000	B	31190
100	3750	B	31356
100	3500	B	31831
100	3250	B	32614
100	3000	B	33282
100	2750	B	32920
100	2500	B	33302
100	2250	B	34877
100	2000	B	34536
100	1750	B	34473
100	1500	B	34410
100	1250	B	34280
100	1000	B	34113
100	750	B	33469
100	500	B	32368
100	250	B	27349
100	100	B	23930
100	75	B	22491
100	50	B	21368
100	25	B	18656
100	10000	C	19907
100	9750	C	20115
100	9500	C	20330
100	9250	C	20612
100	9000	C	20975
100	8750	C	21138
100	8500	C	21293
100	8250	C	21646
100	8000	C	22041
100	7750	C	22433
100	7500	C	22403
100	7250	C	23154
100	7000	C	23455
100	6750	C	23533
100	6500	C	23871
100	6250	C	24226
100	6000	C	24650
100	5750	C	25171
100	5500	C	25793
100	5250	C	26272
100	5000	C	26453
100	4750	C	26765
100	4500	C	26991
100	4250	C	27527
100	4000	C	28246
100	3750	C	28543
100	3500	C	29187
100	3250	C	29289
100	3000	C	29515
100	2750	C	29682
100	2500	C	29737
100	2250	C	29805
100	2000	C	30067
100	1750	C	31432
100	1500	C	30853
100	1250	C	30504
100	1000	C	30770
100	750	C	30478
100	500	C	27652
100	250	C	26065
100	100	C	21586
100	75	C	22954
100	50	C	20673
100	25	C	17565
100	10000	D	19826
100	9750	D	20038
100	9500	D	20379
100	9250	D	20655
100	9000	D	20720
100	8750	D	20959
100	8500	D	21164
100	8250	D	21416
100	8000	D	21787
100	7750	D	22333
100	7500	D	22619
100	7250	D	23294
100	7000	D	23953
100	6750	D	24455
100	6500	D	24879
100	6250	D	25076
100	6000	D	25549
100	5750	D	25849
100	5500	D	26423
100	5250	D	27336
100	5000	D	27792
100	4750	D	28454
100	4500	D	28657
100	4250	D	28788
100	4000	D	28924
100	3750	D	29025
100	3500	D	28983
100	3250	D	30009
100	3000	D	30526
100	2750	D	30779
100	2500	D	31235
100	2250	D	31415
100	2000	D	32490
100	1750	D	31312
100	1500	D	31044
100	1250	D	31048
100	1000	D	30578
100	750	D	30833
100	500	D	30909
100	250	D	27465
100	100	D	23481
100	75	D	23218
100	50	D	21409
100	25	D	16720
100	10000	E	19799
100	9750	E	20208
100	9500	E	20617
100	9250	E	20703
100	9000	E	21083
100	8750	E	21516
100	8500	E	21992
100	8250	E	22227
100	8000	E	22771
100	7750	E	23193
100	7500	E	23928
100	7250	E	24223
100	7000	E	24962
100	6750	E	25476
100	6500	E	25949
100	6250	E	26127
100	6000	E	26278
100	5750	E	26862
100	5500	E	27340
100	5250	E	27799
100	5000	E	28276
100	4750	E	29081
100	4500	E	29475
100	4250	E	29886
100	4000	E	30882
100	3750	E	31036
100	3500	E	30690
100	3250	E	31088
100	3000	E	31730
100	2750	E	32092
100	2500	E	32807
100	2250	E	32923
100	2000	E	33768
100	1750	E	33301
100	1500	E	33338
100	1250	E	33086
100	1000	E	32072
100	750	E	31829
100	500	E	31600
100	250	E	28051
100	100	E	25311
100	75	E	22852
100	50	E	20224
100	25	E	17673
100	10000	F	19929
100	9750	F	20307
100	9500	F	20327
100	9250	F	20603
100	9000	F	20938
100	8750	F	21379
100	8500	F	21762
100	8250	F	22239
100	8000	F	22435
100	7750	F	22696
100	7500	F	22746
100	7250	F	23069
100	7000	F	23506
100	6750	F	23865
100	6500	F	23875
100	6250	F	24364
100	6000	F	24836
100	5750	F	25632
100	5500	F	26278
100	5250	F	26963
100	5000	F	27442
100	4750	F	27706
100	4500	F	27768
100	4250	F	28156
100	4000	F	28418
100	3750	F	28865
100	3500	F	29970
100	3250	F	30099
100	3000	F	30433
100	2750	F	31020
100	2500	F	31100
100	2250	F	31688
100	2000	F	32346
100	1750	F	33062
100	1500	F	33022
100	1250	F	33028
100	1000	F	33327
100	750	F	31993
100	500	F	29986
100	250	F	27600
100	100	F	22904
100	75	F	21288
100	50	F	19777
100	25	F	17705
100	10000	G	19888
100	9750	G	20195
100	9500	G	20654
100	9250	G	20983
100	9000	G	21166
100	8750	G	21374
100	8500	G	21638
100	8250	G	22167
100	8000	G	22509
100	7750	G	22565
100	7500	G	22601
100	7250	G	22808
100	7000	G	23185
100	6750	G	23310
100	6500	G	23751
100	6250	G	24414
100	6000	G	24404
100	5750	G	24587
100	5500	G	25176
100	5250	G	25532
100	5000	G	26224
100	4750	G	26710
100	4500	G	27511
100	4250	G	28217
100	4000	G	28804
100	3750	G	28813
100	3500	G	29102
100	3250	G	30062
100	3000	G	31055
100	2750	G	32065
100	2500	G	31831
100	2250	G	31551
100	2000	G	32274
100	1750	G	31689
100	1500	G	31893
100	1250	G	32824
100	1000	G	32209
100	750	G	31735
100	500	G	31800
100	250	G	28241
100	100	G	23839
100	75	G	22308
100	50	G	20318
100	25	G	17455
100	10000	H	19956
100	9750	H	20095
100	9500	H	20317
100	9250	H	20556
100	9000	H	21005
100	8750	H	21183
100	8500	H	21444
100	8250	H	21720
100	8000	H	22420
100	7750	H	22880
100	7500	H	22916
100	7250	H	23311
100	7000	H	23751
100	6750	H	24294
100	6500	H	24801
100	6250	H	25097
100	6000	H	24958
100	5750	H	25545
100	5500	H	25946
100	5250	H	26124
100	5000	H	26541
100	4750	H	26710
100	4500	H	26679
100	4250	H	26963
100	4000	H	27354
100	3750	H	27399
100	3500	H	28071
100	3250	H	28356
100	3000	H	29838
100	2750	H	30627
100	2500	H	30568
100	2250	H	30372
100	2000	H	29517
100	1750	H	30439
100	1500	H	30978
100	1250	H	33379
100	1000	H	33377
100	750	H	31190
100	500	H	30440
100	250	H	27011
100	100	H	25806
100	75	H	25630
100	50	H	23126
100	25	H	20145
100	10000	I	20055
100	9750	I	20333
100	9500	I	20723
100	9250	I	20790
100	9000	I	21417
100	8750	I	21584
100	8500	I	21851
100	8250	I	22162
100	8000	I	22518
100	7750	I	22691
100	7500	I	23027
100	7250	I	23526
100	7000	I	24168
100	6750	I	24850
100	6500	I	25310
100	6250	I	25779
100	6000	I	26051
100	5750	I	26521
100	5500	I	26843
100	5250	I	27708
100	5000	I	28952
100	4750	I	29695
100	4500	I	30334
100	4250	I	30372
100	4000	I	31188
100	3750	I	32061
100	3500	I	32087
100	3250	I	32496
100	3000	I	32718
100	2750	I	32945
100	2500	I	34715
100	2250	I	35093
100	2000	I	34798
100	1750	I	34896
100	1500	I	35145
100	1250	I	36124
100	1000	I	36208
100	750	I	37829
100	500	I	35511
100	250	I	29935
100	100	I	23520
100	75	I	22346
100	50	I	21279
100	25	I	19038
100	10000	J	19843
100	9750	J	20305
100	9500	J	20465
100	9250	J	20709
100	9000	J	21080
100	8750	J	21494
100	8500	J	22298
100	8250	J	22534
100	8000	J	22959
100	7750	J	23393
100	7500	J	23715
100	7250	J	24021
100	7000	J	24415
100	6750	J	25191
100	6500	J	25489
100	6250	J	26019
100	6000	J	26631
100	5750	J	26868
100	5500	J	27342
100	5250	J	27807
100	5000	J	28275
100	4750	J	29271
100	4500	J	29807
100	4250	J	30106
100	4000	J	30482
100	3750	J	31628
100	3500	J	32433
100	3250	J	32895
100	3000	J	33116
100	2750	J	33109
100	2500	J	33132
100	2250	J	34095
100	2000	J	34047
100	1750	J	33872
100	1500	J	34030
100	1250	J	32072
100	1000	J	31243
100	750	J	30415
100	500	J	32753
100	250	J	29403
100	100	J	22999
100	75	J	21555
100	50	J	20267
100	25	J	18132
95	10000	A	169083
95	9750	A	167793
95	9500	A	166077
95	9250	A	165255
95	9000	A	163400
95	8750	A	161152
95	8500	A	159185
95	8250	A	157353
95	8000	A	155440
95	7750	A	153154
95	7500	A	151170
95	7250	A	149178
95	7000	A	146500
95	6750	A	144762
95	6500	A	142841
95	6250	A	141107
95	6000	A	139276
95	5750	A	136457
95	5500	A	134628
95	5250	A	131291
95	5000	A	127921
95	4750	A	126057
95	4500	A	123121
95	4250	A	120741
95	4000	A	118282
95	3750	A	115029
95	3500	A	111929
95	3250	A	108676
95	3000	A	105608
95	2750	A	101647
95	2500	A	98479
95	2250	A	94342
95	2000	A	89698
95	1750	A	84997
95	1500	A	80329
95	1250	A	75643
95	1000	A	70071
95	750	A	62976
95	500	A	55103
95	250	A	40610
95	100	A	30263
95	75	A	27522
95	50	A	24387
95	25	A	19359
95	10000	B	168991
95	9750	B	166221
95	9500	B	164718
95	9250	B	163124
95	9000	B	161186
95	8750	B	159756
95	8500	B	157315
95	8250	B	156170
95	8000	B	154091
95	7750	B	152424
95	7500	B	150540
95	7250	B	148272
95	7000	B	146523
95	6750	B	144355
95	6500	B	141687
95	6250	B	140261
95	6000	B	138567
95	5750	B	136584
95	5500	B	134561
95	5250	B	132591
95	5000	B	130631
95	4750	B	128749
95	4500	B	126478
95	4250	B	123607
95	4000	B	121209
95	3750	B	118025
95	3500	B	115075
95	3250	B	111162
95	3000	B	107484
95	2750	B	103188
95	2500	B	98962
95	2250	B	95780
95	2000	B	90588
95	1750	B	86064
95	1500	B	82227
95	1250	B	76420
95	1000	B	71390
95	750	B	65301
95	500	B	56683
95	250	B	41572
95	100	B	30104
95	75	B	27344
95	50	B	24622
95	25	B	20672
95	10000	C	169194
95	9750	C	167438
95	9500	C	166151
95	9250	C	164745
95	9000	C	162915
95	8750	C	161509
95	8500	C	159571
95	8250	C	157832
95	8000	C	156431
95	7750	C	155097
95	7500	C	152679
95	7250	C	151107
95	7000	C	148784
95	6750	C	146419
95	6500	C	144891
95	6250	C	143165
95	6000	C	141341
95	5750	C	138542
95	5500	C	136376
95	5250	C	134466
95	5000	C	130642
95	4750	C	127662
95	4500	C	124619
95	4250	C	121559
95	4000	C	118225
95	3750	C	115124
95	3500	C	112768
95	3250	C	108905
95	3000	C	105708
95	2750	C	101550
95	2500	C	97239
95	2250	C	92286
95	2000	C	87767
95	1750	C	84325
95	1500	C	80075
95	1250	C	73869
95	1000	C	68401
95	750	C	61735
95	500	C	52430
95	250	C	40499
95	100	C	30319
95	75	C	28424
95	50	C	24777
95	25	C	19480
95	10000	D	169040
95	9750	D	167732
95	9500	D	165636
95	9250	D	164363
95	9000	D	162267
95	8750	D	160596
95	8500	D	158930
95	8250	D	156304
95	8000	D	155168
95	7750	D	153509
95	7500	D	152111
95	7250	D	150796
95	7000	D	148928
95	6750	D	146811
95	6500	D	145223
95	6250	D	141937
95	6000	D	139485
95	5750	D	136564
95	5500	D	134408
95	5250	D	132309
95	5000	D	129566
95	4750	D	127140
95	4500	D	124117
95	4250	D	119730
95	4000	D	116508
95	3750	D	112269
95	3500	D	109023
95	3250	D	106779
95	3000	D	103413
95	2750	D	100317
95	2500	D	96041
95	2250	D	92703
95	2000	D	87964
95	1750	D	82850
95	1500	D	76165
95	1250	D	70536
95	1000	D	64260
95	750	D	57492
95	500	D	50995
95	250	D	39110
95	100	D	29143
95	75	D	27567
95	50	D	24260
95	25	D	18084
95	10000	E	168958
95	9750	E	167215
95	9500	E	165512
95	9250	E	163788
95	9000	E	162518
95	8750	E	160389
95	8500	E	159443
95	8250	E	157716
95	8000	E	156084
95	7750	E	154116
95	7500	E	151575
95	7250	E	148765
95	7000	E	146436
95	6750	E	144891
95	6500	E	143088
95	6250	E	140916
95	6000	E	138349
95	5750	E	135561
95	5500	E	134319
95	5250	E	132116
95	5000	E	129747
95	4750	E	127660
95	4500	E	125048
95	4250	E	122319
95	4000	E	119821
95	3750	E	116903
95	3500	E	112870
95	3250	E	109200
95	3000	E	106322
95	2750	E	102726
95	2500	E	99072
95	2250	E	94616
95	2000	E	90101
95	1750	E	85313
95	1500	E	80546
95	1250	E	74507
95	1000	E	65863
95	750	E	59896
95	500	E	53189
95	250	E	40913
95	100	E	32084
95	75	E	27578
95	50	E	23762
95	25	E	20056
95	10000	F	168989
95	9750	F	167902
95	9500	F	165772
95	9250	F	164379
95	9000	F	163109
95	8750	F	161656
95	8500	F	160311
95	8250	F	158906
95	8000	F	156758
95	7750	F	155536
95	7500	F	153384
95	7250	F	150451
95	7000	F	149255
95	6750	F	147275
95	6500	F	144985
95	6250	F	142902
95	6000	F	140645
95	5750	F	138723
95	5500	F	136757
95	5250	F	134884
95	5000	F	132041
95	4750	F	129622
95	4500	F	126399
95	4250	F	124019
95	4000	F	121467
95	3750	F	117722
95	3500	F	115608
95	3250	F	112028
95	3000	F	108666
95	2750	F	105617
95	2500	F	100900
95	2250	F	98138
95	2000	F	94003
95	1750	F	89320
95	1500	F	84147
95	1250	F	77500
95	1000	F	70017
95	750	F	61792
95	500	F	51362
95	250	F	39299
95	100	F	28932
95	75	F	26094
95	50	F	23456
95	25	F	19822
95	10000	G	169605
95	9750	G	168485
95	9500	G	166820
95	9250	G	165541
95	9000	G	163717
95	8750	G	161916
95	8500	G	160046
95	8250	G	158525
95	8000	G	156480
95	7750	G	154472
95	7500	G	152404
95	7250	G	149740
95	7000	G	147741
95	6750	G	145822
95	6500	G	143609
95	6250	G	141704
95	6000	G	139232
95	5750	G	137274
95	5500	G	135463
95	5250	G	132915
95	5000	G	131129
95	4750	G	128612
95	4500	G	127036
95	4250	G	123982
95	4000	G	121319
95	3750	G	116612
95	3500	G	114372
95	3250	G	111450
95	3000	G	108183
95	2750	G	105036
95	2500	G	101456
95	2250	G	94952
95	2000	G	90228
95	1750	G	83949
95	1500	G	79861
95	1250	G	74376
95	1000	G	68090
95	750	G	60395
95	500	G	52674
95	250	G	40228
95	100	G	29441
95	75	G	26623
95	50	G	23542
95	25	G	19294
95	10000	H	169543
95	9750	H	168166
95	9500	H	167240
95	9250	H	165337
95	9000	H	163518
95	8750	H	161951
95	8500	H	160706
95	8250	H	159268
95	8000	H	157619
95	7750	H	156190
95	7500	H	152863
95	7250	H	150975
95	7000	H	148694
95	6750	H	146838
95	6500	H	144623
95	6250	H	142434
95	6000	H	138886
95	5750	H	136978
95	5500	H	134695
95	5250	H	131255
95	5000	H	129210
95	4750	H	126441
95	4500	H	122760
95	4250	H	119979
95	4000	H	116862
95	3750	H	113871
95	3500	H	110403
95	3250	H	107431
95	3000	H	104894
95	2750	H	101425
95	2500	H	97780
95	2250	H	93490
95	2000	H	87206
95	1750	H	83664
95	1500	H	77495
95	1250	H	73402
95	1000	H	67975
95	750	H	58022
95	500	H	50412
95	250	H	39694
95	100	H	31241
95	75	H	29707
95	50	H	26050
95	25	H	21760
95	10000	I	169532
95	9750	I	167967
95	9500	I	165996
95	9250	I	163235
95	9000	I	161572
95	8750	I	159483
95	8500	I	157784
95	8250	I	156236
95	8000	I	154773
95	7750	I	153201
95	7500	I	150904
95	7250	I	149362
95	7000	I	147417
95	6750	I	145309
95	6500	I	143190
95	6250	I	140793
95	6000	I	138696
95	5750	I	135752
95	5500	I	133551
95	5250	I	131488
95	5000	I	129808
95	4750	I	127159
95	4500	I	123420
95	4250	I	120619
95	4000	I	118770
95	3750	I	116144
95	3500	I	112402
95	3250	I	109923
95	3000	I	106519
95	2750	I	102713
95	2500	I	99169
95	2250	I	95334
95	2000	I	90615
95	1750	I	85338
95	1500	I	81737
95	1250	I	78142
95	1000	I	71523
95	750	I	65290
95	500	I	54607
95	250	I	42377
95	100	I	29786
95	75	I	27562
95	50	I	24744
95	25	I	21021
95	10000	J	169376
95	9750	J	168202
95	9500	J	166284
95	9250	J	164813
95	9000	J	163277
95	8750	J	161740
95	8500	J	160826
95	8250	J	158575
95	8000	J	156939
95	7750	J	154741
95	7500	J	152329
95	7250	J	150447
95	7000	J	148819
95	6750	J	146510
95	6500	J	144141
95	6250	J	142525
95	6000	J	140407
95	5750	J	137054
95	5500	J	134475
95	5250	J	131583
95	5000	J	128591
95	4750	J	126611
95	4500	J	124389
95	4250	J	121643
95	4000	J	118620
95	3750	J	116214
95	3500	J	114020
95	3250	J	110712
95	3000	J	107342
95	2750	J	103398
95	2500	J	99864
95	2250	J	95160
95	2000	J	91265
95	1750	J	85591
95	1500	J	80233
95	1250	J	73100
95	1000	J	66884
95	750	J	61144
95	500	J	54695
95	250	J	44190
95	100	J	31335
95	75	J	28404
95	50	J	25109
95	25	J	19794
80	10000	A	177151
80	9750	A	175833
80	9500	A	174045
80	9250	A	173125
80	9000	A	171275
80	8750	A	168878
80	8500	A	166847
80	8250	A	165083
80	8000	A	163059
80	7750	A	160652
80	7500	A	158690
80	7250	A	156595
80	7000	A	153939
80	6750	A	152214
80	6500	A	150183
80	6250	A	148410
80	6000	A	146519
80	5750	A	143640
80	5500	A	141738
80	5250	A	138245
80	5000	A	134818
80	4750	A	132876
80	4500	A	129883
80	4250	A	127395
80	4000	A	124864
80	3750	A	121564
80	3500	A	118285
80	3250	A	114943
80	3000	A	111803
80	2750	A	107682
80	2500	A	104458
80	2250	A	100208
80	2000	A	95375
80	1750	A	90448
80	1500	A	85546
80	1250	A	80693
80	1000	A	74760
80	750	A	67357
80	500	A	59443
80	250	A	44555
80	100	A	33510
80	75	A	30838
80	50	A	27466
80	25	A	21478
80	10000	B	176988
80	9750	B	174163
80	9500	B	172653
80	9250	B	171014
80	9000	B	169049
80	8750	B	167614
80	8500	B	165179
80	8250	B	163997
80	8000	B	161870
80	7750	B	160168
80	7500	B	158201
80	7250	B	155894
80	7000	B	154052
80	6750	B	151801
80	6500	B	149062
80	6250	B	147594
80	6000	B	145831
80	5750	B	143745
80	5500	B	141611
80	5250	B	139547
80	5000	B	137516
80	4750	B	135544
80	4500	B	133195
80	4250	B	130192
80	4000	B	127738
80	3750	B	124389
80	3500	B	121345
80	3250	B	117352
80	3000	B	113571
80	2750	B	109128
80	2500	B	104746
80	2250	B	101464
80	2000	B	96095
80	1750	B	91522
80	1500	B	87534
80	1250	B	81594
80	1000	B	76366
80	750	B	70023
80	500	B	60956
80	250	B	45059
80	100	B	32874
80	75	B	30248
80	50	B	27229
80	25	B	22896
80	10000	C	177212
80	9750	C	175514
80	9500	C	174171
80	9250	C	172702
80	9000	C	170879
80	8750	C	169371
80	8500	C	167332
80	8250	C	165549
80	8000	C	164084
80	7750	C	162696
80	7500	C	160196
80	7250	C	158573
80	7000	C	156158
80	6750	C	153726
80	6500	C	152142
80	6250	C	150358
80	6000	C	148473
80	5750	C	145601
80	5500	C	143369
80	5250	C	141374
80	5000	C	137452
80	4750	C	134402
80	4500	C	131265
80	4250	C	128154
80	4000	C	124706
80	3750	C	121505
80	3500	C	119009
80	3250	C	115030
80	3000	C	111699
80	2750	C	107396
80	2500	C	102935
80	2250	C	97812
80	2000	C	93138
80	1750	C	89622
80	1500	C	85252
80	1250	C	78824
80	1000	C	73148
80	750	C	66189
80	500	C	56337
80	250	C	43857
80	100	C	33026
80	75	C	31417
80	50	C	27673
80	25	C	21914
80	10000	D	177030
80	9750	D	175687
80	9500	D	173566
80	9250	D	172219
80	9000	D	170068
80	8750	D	168397
80	8500	D	166756
80	8250	D	164109
80	8000	D	162937
80	7750	D	161241
80	7500	D	159756
80	7250	D	158394
80	7000	D	156467
80	6750	D	154288
80	6500	D	152626
80	6250	D	149276
80	6000	D	146807
80	5750	D	143764
80	5500	D	141564
80	5250	D	139386
80	5000	D	136570
80	4750	D	134071
80	4500	D	130941
80	4250	D	126481
80	4000	D	123143
80	3750	D	118794
80	3500	D	115389
80	3250	D	113046
80	3000	D	109495
80	2750	D	106316
80	2500	D	101791
80	2250	D	98368
80	2000	D	93475
80	1750	D	88135
80	1500	D	81127
80	1250	D	75329
80	1000	D	68925
80	750	D	61929
80	500	D	55146
80	250	D	42571
80	100	D	31801
80	75	D	30291
80	50	D	26523
80	25	D	19816
80	10000	E	176960
80	9750	E	175233
80	9500	E	173498
80	9250	E	171737
80	9000	E	170416
80	8750	E	168230
80	8500	E	167236
80	8250	E	165490
80	8000	E	163790
80	7750	E	161746
80	7500	E	159186
80	7250	E	156291
80	7000	E	153890
80	6750	E	152197
80	6500	E	150301
80	6250	E	148102
80	6000	E	145494
80	5750	E	142665
80	5500	E	141381
80	5250	E	139002
80	5000	E	136652
80	4750	E	134501
80	4500	E	131820
80	4250	E	129018
80	4000	E	126403
80	3750	E	123399
80	3500	E	119272
80	3250	E	115473
80	3000	E	112484
80	2750	E	108758
80	2500	E	104953
80	2250	E	100395
80	2000	E	95705
80	1750	E	90712
80	1500	E	85780
80	1250	E	79571
80	1000	E	70563
80	750	E	64329
80	500	E	57265
80	250	E	44391
80	100	E	34851
80	75	E	30736
80	50	E	26222
80	25	E	21888
80	10000	F	176985
80	9750	F	175833
80	9500	F	173645
80	9250	F	172209
80	9000	F	170882
80	8750	F	169390
80	8500	F	167988
80	8250	F	166647
80	8000	F	164432
80	7750	F	163203
80	7500	F	160966
80	7250	F	158026
80	7000	F	156778
80	6750	F	154731
80	6500	F	152400
80	6250	F	150266
80	6000	F	147935
80	5750	F	145935
80	5500	F	143889
80	5250	F	141946
80	5000	F	138992
80	4750	F	136600
80	4500	F	133175
80	4250	F	130759
80	4000	F	128053
80	3750	F	124152
80	3500	F	121926
80	3250	F	118179
80	3000	F	114716
80	2750	F	111570
80	2500	F	106672
80	2250	F	103887
80	2000	F	99671
80	1750	F	94846
80	1500	F	89290
80	1250	F	82435
80	1000	F	74634
80	750	F	66143
80	500	F	55162
80	250	F	42477
80	100	F	31376
80	75	F	28827
80	50	F	26020
80	25	F	21959
80	10000	G	177679
80	9750	G	176479
80	9500	G	174694
80	9250	G	173400
80	9000	G	171590
80	8750	G	169711
80	8500	G	167845
80	8250	G	166248
80	8000	G	164045
80	7750	G	162035
80	7500	G	159899
80	7250	G	157239
80	7000	G	155151
80	6750	G	153164
80	6500	G	150879
80	6250	G	148921
80	6000	G	146378
80	5750	G	144306
80	5500	G	142408
80	5250	G	139790
80	5000	G	137912
80	4750	G	135313
80	4500	G	133661
80	4250	G	130487
80	4000	G	127713
80	3750	G	122977
80	3500	G	120638
80	3250	G	117664
80	3000	G	114237
80	2750	G	110998
80	2500	G	107255
80	2250	G	100536
80	2000	G	95663
80	1750	G	89087
80	1500	G	84909
80	1250	G	79150
80	1000	G	72677
80	750	G	64612
80	500	G	56746
80	250	G	43657
80	100	G	31971
80	75	G	29254
80	50	G	26484
80	25	G	21703
80	10000	H	177522
80	9750	H	176186
80	9500	H	175267
80	9250	H	173297
80	9000	H	171443
80	8750	H	169823
80	8500	H	168535
80	8250	H	167067
80	8000	H	165363
80	7750	H	163893
80	7500	H	160402
80	7250	H	158420
80	7000	H	156137
80	6750	H	154127
80	6500	H	151822
80	6250	H	149581
80	6000	H	145939
80	5750	H	143946
80	5500	H	141577
80	5250	H	138086
80	5000	H	135965
80	4750	H	133103
80	4500	H	129289
80	4250	H	126422
80	4000	H	123146
80	3750	H	120053
80	3500	H	116445
80	3250	H	113382
80	3000	H	110744
80	2750	H	107133
80	2500	H	103417
80	2250	H	98945
80	2000	H	92507
80	1750	H	88831
80	1500	H	82355
80	1250	H	78087
80	1000	H	72537
80	750	H	62396
80	500	H	54266
80	250	H	43307
80	100	H	33791
80	75	H	32732
80	50	H	28622
80	25	H	23750
80	10000	I	177609
80	9750	I	176010
80	9500	I	173954
80	9250	I	171115
80	9000	I	169416
80	8750	I	167291
80	8500	I	165543
80	8250	I	163937
80	8000	I	162400
80	7750	I	160721
80	7500	I	158364
80	7250	I	156777
80	7000	I	154754
80	6750	I	152583
80	6500	I	150428
80	6250	I	147969
80	6000	I	145806
80	5750	I	142779
80	5500	I	140465
80	5250	I	138322
80	5000	I	136573
80	4750	I	133836
80	4500	I	129997
80	4250	I	127095
80	4000	I	125205
80	3750	I	122490
80	3500	I	118615
80	3250	I	116072
80	3000	I	112523
80	2750	I	108589
80	2500	I	104939
80	2250	I	100993
80	2000	I	96089
80	1750	I	90626
80	1500	I	86860
80	1250	I	83217
80	1000	I	76232
80	750	I	69709
80	500	I	58582
80	250	I	45751
80	100	I	32486
80	75	I	30421
80	50	I	27488
80	25	I	23165
80	10000	J	177459
80	9750	J	176142
80	9500	J	174234
80	9250	J	172734
80	9000	J	171133
80	8750	J	169512
80	8500	J	168439
80	8250	J	166139
80	8000	J	164539
80	7750	J	162241
80	7500	J	159815
80	7250	J	157878
80	7000	J	156193
80	6750	J	153815
80	6500	J	151433
80	6250	J	149776
80	6000	J	147580
80	5750	J	144173
80	5500	J	141508
80	5250	J	138547
80	5000	J	135448
80	4750	J	133396
80	4500	J	131078
80	4250	J	128292
80	4000	J	125192
80	3750	J	122712
80	3500	J	120395
80	3250	J	116974
80	3000	J	113449
80	2750	J	109394
80	2500	J	105670
80	2250	J	100828
80	2000	J	96759
80	1750	J	90928
80	1500	J	85368
80	1250	J	78025
80	1000	J	71559
80	750	J	65650
80	500	J	58879
80	250	J	48036
80	100	J	34170
80	75	J	31380
80	50	J	27739
80	25	J	21574
70	10000	A	182678
70	9750	A	181014
70	9500	A	179368
70	9250	A	178181
70	9000	A	176693
70	8750	A	173670
70	8500	A	171995
70	8250	A	170427
70	8000	A	168207
70	7750	A	165648
70	7500	A	163777
70	7250	A	161815
70	7000	A	159146
70	6750	A	157220
70	6500	A	155316
70	6250	A	153464
70	6000	A	151579
70	5750	A	148652
70	5500	A	146754
70	5250	A	143219
70	5000	A	139752
70	4750	A	137651
70	4500	A	134621
70	4250	A	132059
70	4000	A	129478
70	3750	A	125086
70	3500	A	121768
70	3250	A	118356
70	3000	A	115161
70	2750	A	110943
70	2500	A	107653
70	2250	A	103308
70	2000	A	98323
70	1750	A	93292
70	1500	A	88264
70	1250	A	83241
70	1000	A	76775
70	750	A	69659
70	500	A	61524
70	250	A	46464
70	100	A	34603
70	75	A	32078
70	50	A	28454
70	25	A	22025
70	10000	B	182308
70	9750	B	179625
70	9500	B	177668
70	9250	B	176345
70	9000	B	174478
70	8750	B	173084
70	8500	B	170587
70	8250	B	169377
70	8000	B	167113
70	7750	B	165459
70	7500	B	163507
70	7250	B	161238
70	7000	B	159335
70	6750	B	157011
70	6500	B	154272
70	6250	B	152723
70	6000	B	150846
70	5750	B	148231
70	5500	B	146053
70	5250	B	143368
70	5000	B	141196
70	4750	B	138537
70	4500	B	135818
70	4250	B	133089
70	4000	B	130104
70	3750	B	126584
70	3500	B	123490
70	3250	B	119465
70	3000	B	115651
70	2750	B	111202
70	2500	B	106785
70	2250	B	103453
70	2000	B	98041
70	1750	B	93378
70	1500	B	90480
70	1250	B	85421
70	1000	B	79982
70	750	B	73491
70	500	B	64269
70	250	B	48146
70	100	B	34385
70	75	B	31184
70	50	B	28115
70	25	B	23493
70	10000	C	182805
70	9750	C	181123
70	9500	C	179716
70	9250	C	178342
70	9000	C	176482
70	8750	C	174957
70	8500	C	172926
70	8250	C	171159
70	8000	C	169608
70	7750	C	167949
70	7500	C	165421
70	7250	C	163938
70	7000	C	161019
70	6750	C	158536
70	6500	C	157231
70	6250	C	155251
70	6000	C	153374
70	5750	C	150714
70	5500	C	148450
70	5250	C	146397
70	5000	C	142405
70	4750	C	139324
70	4500	C	136124
70	4250	C	132956
70	4000	C	129355
70	3750	C	125987
70	3500	C	123163
70	3250	C	117202
70	3000	C	113965
70	2750	C	109648
70	2500	C	105220
70	2250	C	99748
70	2000	C	96471
70	1750	C	92241
70	1500	C	87075
70	1250	C	80807
70	1000	C	74856
70	750	C	67820
70	500	C	58169
70	250	C	45151
70	100	C	34431
70	75	C	32691
70	50	C	28903
70	25	C	22494
70	10000	D	182765
70	9750	D	181336
70	9500	D	178786
70	9250	D	177317
70	9000	D	175042
70	8750	D	173619
70	8500	D	171208
70	8250	D	168514
70	8000	D	167303
70	7750	D	165531
70	7500	D	163991
70	7250	D	162597
70	7000	D	160644
70	6750	D	158440
70	6500	D	156740
70	6250	D	153349
70	6000	D	150847
70	5750	D	147695
70	5500	D	145460
70	5250	D	143215
70	5000	D	140353
70	4750	D	137815
70	4500	D	134652
70	4250	D	130127
70	4000	D	126750
70	3750	D	122362
70	3500	D	118891
70	3250	D	116464
70	3000	D	112869
70	2750	D	109638
70	2500	D	105006
70	2250	D	101529
70	2000	D	96521
70	1750	D	91114
70	1500	D	83923
70	1250	D	77853
70	1000	D	71341
70	750	D	63559
70	500	D	56521
70	250	D	44242
70	100	D	33154
70	75	D	31648
70	50	D	27756
70	25	D	20441
70	10000	E	182657
70	9750	E	180803
70	9500	E	179116
70	9250	E	177301
70	9000	E	175875
70	8750	E	173679
70	8500	E	171627
70	8250	E	169843
70	8000	E	168088
70	7750	E	165918
70	7500	E	163272
70	7250	E	160209
70	7000	E	157865
70	6750	E	156060
70	6500	E	153493
70	6250	E	151268
70	6000	E	148859
70	5750	E	145929
70	5500	E	144072
70	5250	E	141393
70	5000	E	139056
70	4750	E	136988
70	4500	E	134439
70	4250	E	131731
70	4000	E	129152
70	3750	E	126532
70	3500	E	122582
70	3250	E	118660
70	3000	E	115689
70	2750	E	111906
70	2500	E	108057
70	2250	E	103345
70	2000	E	98618
70	1750	E	93477
70	1500	E	88428
70	1250	E	82139
70	1000	E	72952
70	750	E	66550
70	500	E	59255
70	250	E	45583
70	100	E	35894
70	75	E	31501
70	50	E	27094
70	25	E	22493
70	10000	F	182564
70	9750	F	181240
70	9500	F	179230
70	9250	F	177738
70	9000	F	176279
70	8750	F	174953
70	8500	F	173571
70	8250	F	172132
70	8000	F	169880
70	7750	F	168558
70	7500	F	166355
70	7250	F	163381
70	7000	F	162113
70	6750	F	160045
70	6500	F	157674
70	6250	F	155474
70	6000	F	153096
70	5750	F	151072
70	5500	F	148981
70	5250	F	146965
70	5000	F	143948
70	4750	F	141521
70	4500	F	138006
70	4250	F	135505
70	4000	F	132639
70	3750	F	128747
70	3500	F	126262
70	3250	F	120910
70	3000	F	116912
70	2750	F	113677
70	2500	F	109208
70	2250	F	107285
70	2000	F	101594
70	1750	F	96708
70	1500	F	92774
70	1250	F	85683
70	1000	F	77805
70	750	F	69170
70	500	F	58054
70	250	F	44942
70	100	F	32817
70	75	F	30147
70	50	F	27018
70	25	F	22729
70	10000	G	183231
70	9750	G	182170
70	9500	G	180228
70	9250	G	178759
70	9000	G	176957
70	8750	G	174969
70	8500	G	173175
70	8250	G	171448
70	8000	G	168182
70	7750	G	167208
70	7500	G	164778
70	7250	G	161132
70	7000	G	158370
70	6750	G	156923
70	6500	G	153641
70	6250	G	152927
70	6000	G	151237
70	5750	G	147630
70	5500	G	145558
70	5250	G	143019
70	5000	G	141483
70	4750	G	139412
70	4500	G	137225
70	4250	G	133137
70	4000	G	130737
70	3750	G	127369
70	3500	G	124615
70	3250	G	121899
70	3000	G	118328
70	2750	G	115277
70	2500	G	111537
70	2250	G	104752
70	2000	G	99718
70	1750	G	93086
70	1500	G	88704
70	1250	G	82867
70	1000	G	76194
70	750	G	67896
70	500	G	58768
70	250	G	45460
70	100	G	33430
70	75	G	30547
70	50	G	27295
70	25	G	22404
70	10000	H	183191
70	9750	H	181887
70	9500	H	180992
70	9250	H	179007
70	9000	H	177116
70	8750	H	175454
70	8500	H	174132
70	8250	H	172630
70	8000	H	170886
70	7750	H	169390
70	7500	H	165861
70	7250	H	163846
70	7000	H	161391
70	6750	H	158858
70	6500	H	155480
70	6250	H	153178
70	6000	H	149314
70	5750	H	146996
70	5500	H	144219
70	5250	H	141502
70	5000	H	139125
70	4750	H	136009
70	4500	H	131719
70	4250	H	129026
70	4000	H	125892
70	3750	H	123033
70	3500	H	119578
70	3250	H	116796
70	3000	H	114099
70	2750	H	110346
70	2500	H	106112
70	2250	H	101861
70	2000	H	95049
70	1750	H	90771
70	1500	H	84855
70	1250	H	79894
70	1000	H	74338
70	750	H	64727
70	500	H	56470
70	250	H	45178
70	100	H	34889
70	75	H	33729
70	50	H	29578
70	25	H	24765
70	10000	I	183187
70	9750	I	181640
70	9500	I	179570
70	9250	I	176498
70	9000	I	174750
70	8750	I	172610
70	8500	I	170827
70	8250	I	168781
70	8000	I	166881
70	7750	I	164060
70	7500	I	161228
70	7250	I	159670
70	7000	I	157908
70	6750	I	155556
70	6500	I	154058
70	6250	I	150758
70	6000	I	148510
70	5750	I	145255
70	5500	I	142968
70	5250	I	140732
70	5000	I	138961
70	4750	I	136196
70	4500	I	132319
70	4250	I	129383
70	4000	I	127458
70	3750	I	124722
70	3500	I	120820
70	3250	I	118225
70	3000	I	114653
70	2750	I	110717
70	2500	I	107005
70	2250	I	103043
70	2000	I	98072
70	1750	I	93370
70	1500	I	89251
70	1250	I	84948
70	1000	I	77875
70	750	I	71299
70	500	I	60024
70	250	I	47075
70	100	I	33478
70	75	I	31284
70	50	I	28624
70	25	I	23983
70	10000	J	183114
70	9750	J	181875
70	9500	J	179802
70	9250	J	178238
70	9000	J	176572
70	8750	J	174858
70	8500	J	173330
70	8250	J	171152
70	8000	J	168545
70	7750	J	165425
70	7500	J	163011
70	7250	J	161011
70	7000	J	159758
70	6750	J	158471
70	6500	J	156516
70	6250	J	154882
70	6000	J	152260
70	5750	J	148826
70	5500	J	146121
70	5250	J	143032
70	5000	J	139693
70	4750	J	137613
70	4500	J	134865
70	4250	J	132349
70	4000	J	128889
70	3750	J	125441
70	3500	J	123478
70	3250	J	120488
70	3000	J	117115
70	2750	J	113039
70	2500	J	108681
70	2250	J	102742
70	2000	J	99566
70	1750	J	93747
70	1500	J	87063
70	1250	J	79721
70	1000	J	73158
70	750	J	67186
70	500	J	60358
70	250	J	49293
70	100	J	35659
70	75	J	32368
70	50	J	28619
70	25	J	22155
60	10000	A	185164
60	9750	A	183773
60	9500	A	181971
60	9250	A	181091
60	9000	A	179149
60	8750	A	176772
60	8500	A	174697
60	8250	A	172780
60	8000	A	170708
60	7750	A	168319
60	7500	A	166265
60	7250	A	164175
60	7000	A	161378
60	6750	A	159575
60	6500	A	157477
60	6250	A	155658
60	6000	A	153716
60	5750	A	150742
60	5500	A	148786
60	5250	A	145229
60	5000	A	141721
60	4750	A	139544
60	4500	A	136503
60	4250	A	133926
60	4000	A	131315
60	3750	A	126805
60	3500	A	123486
60	3250	A	120049
60	3000	A	116829
60	2750	A	112598
60	2500	A	109245
60	2250	A	104843
60	2000	A	99812
60	1750	A	94823
60	1500	A	89714
60	1250	A	84678
60	1000	A	78600
60	750	A	70967
60	500	A	62764
60	250	A	47562
60	100	A	35818
60	75	A	33003
60	50	A	29436
60	25	A	22954
60	10000	B	185086
60	9750	B	182216
60	9500	B	180683
60	9250	B	178998
60	9000	B	176994
60	8750	B	175479
60	8500	B	172888
60	8250	B	171662
60	8000	B	169463
60	7750	B	167695
60	7500	B	165646
60	7250	B	163311
60	7000	B	161402
60	6750	B	159076
60	6500	B	156289
60	6250	B	154774
60	6000	B	152932
60	5750	B	150666
60	5500	B	148454
60	5250	B	146361
60	5000	B	144284
60	4750	B	142290
60	4500	B	139864
60	4250	B	136777
60	4000	B	134253
60	3750	B	130801
60	3500	B	127642
60	3250	B	123539
60	3000	B	119666
60	2750	B	115155
60	2500	B	110668
60	2250	B	107258
60	2000	B	101758
60	1750	B	97032
60	1500	B	92981
60	1250	B	86839
60	1000	B	81333
60	750	B	74791
60	500	B	65435
60	250	B	49067
60	100	B	35304
60	75	B	32476
60	50	B	29243
60	25	B	24544
60	10000	C	185307
60	9750	C	183481
60	9500	C	182123
60	9250	C	180672
60	9000	C	178751
60	8750	C	177231
60	8500	C	175191
60	8250	C	173362
60	8000	C	171846
60	7750	C	170362
60	7500	C	167823
60	7250	C	166141
60	7000	C	163665
60	6750	C	161176
60	6500	C	159405
60	6250	C	157584
60	6000	C	155641
60	5750	C	152710
60	5500	C	150427
60	5250	C	148357
60	5000	C	144376
60	4750	C	141247
60	4500	C	138036
60	4250	C	134835
60	4000	C	131269
60	3750	C	127986
60	3500	C	125418
60	3250	C	121328
60	3000	C	117878
60	2750	C	113436
60	2500	C	108859
60	2250	C	103584
60	2000	C	98784
60	1750	C	94017
60	1500	C	89479
60	1250	C	82919
60	1000	C	77065
60	750	C	69864
60	500	C	59726
60	250	C	46685
60	100	C	35419
60	75	C	33691
60	50	C	29620
60	25	C	23138
60	10000	D	185117
60	9750	D	183735
60	9500	D	181090
60	9250	D	179744
60	9000	D	177535
60	8750	D	175825
60	8500	D	173260
60	8250	D	170557
60	8000	D	169326
60	7750	D	167552
60	7500	D	166026
60	7250	D	164605
60	7000	D	162624
60	6750	D	160407
60	6500	D	158664
60	6250	D	155242
60	6000	D	152726
60	5750	D	149548
60	5500	D	147287
60	5250	D	145030
60	5000	D	142158
60	4750	D	139610
60	4500	D	136408
60	4250	D	131883
60	4000	D	128470
60	3750	D	124042
60	3500	D	120536
60	3250	D	118095
60	3000	D	114490
60	2750	D	111239
60	2500	D	106566
60	2250	D	103064
60	2000	D	98026
60	1750	D	92580
60	1500	D	85380
60	1250	D	79300
60	1000	D	72672
60	750	D	65447
60	500	D	58333
60	250	D	45378
60	100	D	34008
60	75	D	32446
60	50	D	28465
60	25	D	21160
60	10000	E	185056
60	9750	E	183180
60	9500	E	181377
60	9250	E	179570
60	9000	E	178090
60	8750	E	175860
60	8500	E	173757
60	8250	E	171958
60	8000	E	170223
60	7750	E	168144
60	7500	E	165452
60	7250	E	162512
60	7000	E	160047
60	6750	E	158392
60	6500	E	156441
60	6250	E	154147
60	6000	E	151468
60	5750	E	148549
60	5500	E	147218
60	5250	E	144855
60	5000	E	142358
60	4750	E	140128
60	4500	E	137369
60	4250	E	134486
60	4000	E	131773
60	3750	E	128670
60	3500	E	124445
60	3250	E	120483
60	3000	E	117353
60	2750	E	113545
60	2500	E	109649
60	2250	E	104954
60	2000	E	100174
60	1750	E	94979
60	1500	E	89847
60	1250	E	83531
60	1000	E	74301
60	750	E	67858
60	500	E	60461
60	250	E	47130
60	100	E	37071
60	75	E	32857
60	50	E	28188
60	25	E	23535
60	10000	F	185090
60	9750	F	183907
60	9500	F	181656
60	9250	F	180183
60	9000	F	178813
60	8750	F	177285
60	8500	F	175857
60	8250	F	174320
60	8000	F	172043
60	7750	F	170756
60	7500	F	168481
60	7250	F	165478
60	7000	F	164189
60	6750	F	162101
60	6500	F	159705
60	6250	F	157497
60	6000	F	155113
60	5750	F	153046
60	5500	F	150929
60	5250	F	148925
60	5000	F	145908
60	4750	F	143453
60	4500	F	139951
60	4250	F	137433
60	4000	F	134631
60	3750	F	130641
60	3500	F	128347
60	3250	F	124595
60	3000	F	121050
60	2750	F	117807
60	2500	F	112322
60	2250	F	109416
60	2000	F	105012
60	1750	F	100032
60	1500	F	94247
60	1250	F	87147
60	1000	F	79096
60	750	F	70400
60	500	F	59172
60	250	F	45900
60	100	F	33564
60	75	F	30908
60	50	F	27748
60	25	F	23450
60	10000	G	185734
60	9750	G	184527
60	9500	G	182735
60	9250	G	181406
60	9000	G	179470
60	8750	G	177571
60	8500	G	175591
60	8250	G	173970
60	8000	G	171767
60	7750	G	169720
60	7500	G	167542
60	7250	G	164802
60	7000	G	162673
60	6750	G	160621
60	6500	G	158265
60	6250	G	156234
60	6000	G	153642
60	5750	G	151497
60	5500	G	149527
60	5250	G	146836
60	5000	G	144904
60	4750	G	142194
60	4500	G	140353
60	4250	G	137107
60	4000	G	134276
60	3750	G	129460
60	3500	G	127043
60	3250	G	123975
60	3000	G	120408
60	2750	G	117023
60	2500	G	113231
60	2250	G	106375
60	2000	G	101306
60	1750	G	94609
60	1500	G	90238
60	1250	G	84385
60	1000	G	77659
60	750	G	69363
60	500	G	59962
60	250	G	46482
60	100	G	34282
60	75	G	31438
60	50	G	28157
60	25	G	23080
60	10000	H	185640
60	9750	H	184161
60	9500	H	183201
60	9250	H	181211
60	9000	H	179280
60	8750	H	177612
60	8500	H	176286
60	8250	H	174750
60	8000	H	173000
60	7750	H	171487
60	7500	H	167962
60	7250	H	165967
60	7000	H	163593
60	6750	H	161168
60	6500	H	157987
60	6250	H	155658
60	6000	H	151930
60	5750	H	149872
60	5500	H	147439
60	5250	H	143845
60	5000	H	141662
60	4750	H	138733
60	4500	H	134834
60	4250	H	131905
60	4000	H	128522
60	3750	H	125347
60	3500	H	121639
60	3250	H	118454
60	3000	H	115771
60	2750	H	112055
60	2500	H	108246
60	2250	H	103636
60	2000	H	97052
60	1750	H	93248
60	1500	H	86638
60	1250	H	82169
60	1000	H	76357
60	750	H	65907
60	500	H	57582
60	250	H	46197
60	100	H	36033
60	75	H	34863
60	50	H	30636
60	25	H	25587
60	10000	I	185664
60	9750	I	184004
60	9500	I	181905
60	9250	I	178987
60	9000	I	177092
60	8750	I	174927
60	8500	I	173119
60	8250	I	171468
60	8000	I	169879
60	7750	I	168222
60	7500	I	165836
60	7250	I	164209
60	7000	I	162136
60	6750	I	159878
60	6500	I	157670
60	6250	I	155144
60	6000	I	152935
60	5750	I	149838
60	5500	I	147462
60	5250	I	145250
60	5000	I	143449
60	4750	I	140642
60	4500	I	136720
60	4250	I	133717
60	4000	I	131743
60	3750	I	128974
60	3500	I	125000
60	3250	I	122377
60	3000	I	118706
60	2750	I	114687
60	2500	I	110874
60	2250	I	106870
60	2000	I	101789
60	1750	I	96143
60	1500	I	92282
60	1250	I	88385
60	1000	I	81115
60	750	I	73234
60	500	I	61746
60	250	I	48599
60	100	I	34729
60	75	I	32475
60	50	I	29458
60	25	I	24794
60	10000	J	185468
60	9750	J	184195
60	9500	J	182128
60	9250	J	180561
60	9000	J	178909
60	8750	J	177249
60	8500	J	176226
60	8250	J	173889
60	8000	J	172156
60	7750	J	169846
60	7500	J	167317
60	7250	J	165321
60	7000	J	163589
60	6750	J	161147
60	6500	J	158687
60	6250	J	156947
60	6000	J	154247
60	5750	J	150785
60	5500	J	148057
60	5250	J	145009
60	5000	J	141827
60	4750	J	139710
60	4500	J	137324
60	4250	J	134455
60	4000	J	131272
60	3750	J	128701
60	3500	J	126315
60	3250	J	122823
60	3000	J	119216
60	2750	J	115038
60	2500	J	111203
60	2250	J	106252
60	2000	J	102044
60	1750	J	96058
60	1500	J	90270
60	1250	J	82745
60	1000	J	76080
60	750	J	70008
60	500	J	62020
60	250	J	50884
60	100	J	36586
60	75	J	33606
60	50	J	29738
60	25	J	22965
50	10000	A	186924
50	9750	A	185536
50	9500	A	183723
50	9250	A	182836
50	9000	A	180889
50	8750	A	178501
50	8500	A	176418
50	8250	A	174491
50	8000	A	172408
50	7750	A	170003
50	7500	A	167940
50	7250	A	165839
50	7000	A	163028
50	6750	A	161220
50	6500	A	159106
50	6250	A	157258
50	6000	A	155311
50	5750	A	152320
50	5500	A	150358
50	5250	A	146795
50	5000	A	143287
50	4750	A	141098
50	4500	A	138035
50	4250	A	135442
50	4000	A	132830
50	3750	A	128288
50	3500	A	124970
50	3250	A	121514
50	3000	A	118276
50	2750	A	114028
50	2500	A	110665
50	2250	A	106277
50	2000	A	101211
50	1750	A	96171
50	1500	A	91040
50	1250	A	85995
50	1000	A	79864
50	750	A	72172
50	500	A	63894
50	250	A	48592
50	100	A	36620
50	75	A	33681
50	50	A	30144
50	25	A	23490
50	10000	B	186848
50	9750	B	183968
50	9500	B	182419
50	9250	B	180733
50	9000	B	178714
50	8750	B	177197
50	8500	B	174583
50	8250	B	173339
50	8000	B	171138
50	7750	B	169357
50	7500	B	167307
50	7250	B	164946
50	7000	B	163018
50	6750	B	160700
50	6500	B	157896
50	6250	B	156379
50	6000	B	154536
50	5750	B	152265
50	5500	B	150048
50	5250	B	147941
50	5000	B	145842
50	4750	B	143816
50	4500	B	141367
50	4250	B	138260
50	4000	B	135724
50	3750	B	132261
50	3500	B	129119
50	3250	B	124989
50	3000	B	121109
50	2750	B	116581
50	2500	B	112040
50	2250	B	108619
50	2000	B	103064
50	1750	B	98321
50	1500	B	94238
50	1250	B	88038
50	1000	B	82475
50	750	B	75892
50	500	B	66472
50	250	B	50056
50	100	B	36154
50	75	B	33208
50	50	B	29959
50	25	B	24984
50	10000	C	187069
50	9750	C	185237
50	9500	C	183870
50	9250	C	182414
50	9000	C	180484
50	8750	C	178960
50	8500	C	176911
50	8250	C	175069
50	8000	C	173540
50	7750	C	172057
50	7500	C	169500
50	7250	C	167796
50	7000	C	165312
50	6750	C	162805
50	6500	C	161033
50	6250	C	159197
50	6000	C	157232
50	5750	C	154296
50	5500	C	152001
50	5250	C	149931
50	5000	C	145935
50	4750	C	142792
50	4500	C	139561
50	4250	C	136344
50	4000	C	132759
50	3750	C	129457
50	3500	C	126869
50	3250	C	122757
50	3000	C	119283
50	2750	C	114820
50	2500	C	110219
50	2250	C	104911
50	2000	C	100106
50	1750	C	95316
50	1500	C	90777
50	1250	C	84149
50	1000	C	78261
50	750	C	71012
50	500	C	60877
50	250	C	47748
50	100	C	36263
50	75	C	34369
50	50	C	30428
50	25	C	23607
50	10000	D	186874
50	9750	D	185486
50	9500	D	182833
50	9250	D	181484
50	9000	D	179262
50	8750	D	177538
50	8500	D	174964
50	8250	D	172257
50	8000	D	171005
50	7750	D	169210
50	7500	D	167687
50	7250	D	166268
50	7000	D	164292
50	6750	D	162068
50	6500	D	160314
50	6250	D	156874
50	6000	D	154357
50	5750	D	151162
50	5500	D	148896
50	5250	D	146624
50	5000	D	143737
50	4750	D	141167
50	4500	D	137958
50	4250	D	133419
50	4000	D	129993
50	3750	D	125550
50	3500	D	122023
50	3250	D	119562
50	3000	D	115928
50	2750	D	112656
50	2500	D	107973
50	2250	D	104449
50	2000	D	99386
50	1750	D	93886
50	1500	D	86671
50	1250	D	80558
50	1000	D	73922
50	750	D	66599
50	500	D	59474
50	250	D	46420
50	100	D	34780
50	75	D	33204
50	50	D	29166
50	25	D	21612
50	10000	E	186813
50	9750	E	184925
50	9500	E	183118
50	9250	E	181315
50	9000	E	179815
50	8750	E	177572
50	8500	E	175462
50	8250	E	173654
50	8000	E	171915
50	7750	E	169838
50	7500	E	167145
50	7250	E	164204
50	7000	E	161717
50	6750	E	160052
50	6500	E	158104
50	6250	E	155804
50	6000	E	153100
50	5750	E	150171
50	5500	E	148844
50	5250	E	146457
50	5000	E	143942
50	4750	E	141700
50	4500	E	138934
50	4250	E	136040
50	4000	E	133309
50	3750	E	130205
50	3500	E	125956
50	3250	E	121992
50	3000	E	118851
50	2750	E	115030
50	2500	E	111127
50	2250	E	106397
50	2000	E	101566
50	1750	E	96354
50	1500	E	91216
50	1250	E	84851
50	1000	E	75530
50	750	E	69017
50	500	E	61537
50	250	E	48075
50	100	E	37920
50	75	E	33642
50	50	E	28865
50	25	E	23960
50	10000	F	186856
50	9750	F	185669
50	9500	F	183400
50	9250	F	181925
50	9000	F	180548
50	8750	F	179013
50	8500	F	177576
50	8250	F	176036
50	8000	F	173748
50	7750	F	172446
50	7500	F	170170
50	7250	F	167155
50	7000	F	165851
50	6750	F	163758
50	6500	F	161341
50	6250	F	159117
50	6000	F	156727
50	5750	F	154643
50	5500	F	152516
50	5250	F	150495
50	5000	F	147465
50	4750	F	144990
50	4500	F	141483
50	4250	F	138961
50	4000	F	136148
50	3750	F	132144
50	3500	F	129827
50	3250	F	126057
50	3000	F	122498
50	2750	F	119231
50	2500	F	113727
50	2250	F	110802
50	2000	F	106360
50	1750	F	101343
50	1500	F	95548
50	1250	F	88415
50	1000	F	80328
50	750	F	71591
50	500	F	60253
50	250	F	46738
50	100	F	34261
50	75	F	31515
50	50	F	28376
50	25	F	23783
50	10000	G	187494
50	9750	G	186273
50	9500	G	184474
50	9250	G	183117
50	9000	G	181182
50	8750	G	179272
50	8500	G	177282
50	8250	G	175654
50	8000	G	173444
50	7750	G	171401
50	7500	G	169207
50	7250	G	166454
50	7000	G	164322
50	6750	G	162263
50	6500	G	159904
50	6250	G	157867
50	6000	G	155263
50	5750	G	153107
50	5500	G	151133
50	5250	G	148425
50	5000	G	146476
50	4750	G	143750
50	4500	G	141904
50	4250	G	138652
50	4000	G	135808
50	3750	G	130963
50	3500	G	128531
50	3250	G	125445
50	3000	G	121851
50	2750	G	118455
50	2500	G	114664
50	2250	G	107778
50	2000	G	102683
50	1750	G	95939
50	1500	G	91550
50	1250	G	85637
50	1000	G	78877
50	750	G	70524
50	500	G	61098
50	250	G	47512
50	100	G	35118
50	75	G	32033
50	50	G	28774
50	25	G	23441
50	10000	H	187408
50	9750	H	185914
50	9500	H	184945
50	9250	H	182943
50	9000	H	181005
50	8750	H	179328
50	8500	H	177995
50	8250	H	176443
50	8000	H	174671
50	7750	H	173162
50	7500	H	169636
50	7250	H	167634
50	7000	H	165249
50	6750	H	162821
50	6500	H	159627
50	6250	H	157281
50	6000	H	153531
50	5750	H	151471
50	5500	H	149018
50	5250	H	145425
50	5000	H	143255
50	4750	H	140313
50	4500	H	136410
50	4250	H	133468
50	4000	H	130065
50	3750	H	126867
50	3500	H	123138
50	3250	H	119946
50	3000	H	117216
50	2750	H	113479
50	2500	H	109647
50	2250	H	105011
50	2000	H	98419
50	1750	H	94596
50	1500	H	87989
50	1250	H	83475
50	1000	H	77602
50	750	H	67121
50	500	H	58714
50	250	H	47156
50	100	H	36857
50	75	H	35649
50	50	H	31459
50	25	H	26085
50	10000	I	187417
50	9750	I	185756
50	9500	I	183659
50	9250	I	180722
50	9000	I	178822
50	8750	I	176644
50	8500	I	174815
50	8250	I	173168
50	8000	I	171583
50	7750	I	169911
50	7500	I	167528
50	7250	I	165886
50	7000	I	163799
50	6750	I	161541
50	6500	I	159330
50	6250	I	156795
50	6000	I	154577
50	5750	I	151464
50	5500	I	149077
50	5250	I	146850
50	5000	I	145034
50	4750	I	142217
50	4500	I	138282
50	4250	I	135281
50	4000	I	133291
50	3750	I	130506
50	3500	I	126511
50	3250	I	123876
50	3000	I	120190
50	2750	I	116138
50	2500	I	112300
50	2250	I	108270
50	2000	I	103185
50	1750	I	97492
50	1500	I	93604
50	1250	I	89662
50	1000	I	82502
50	750	I	74548
50	500	I	62992
50	250	I	49699
50	100	I	35626
50	75	I	33296
50	50	I	30150
50	25	I	25317
50	10000	J	187233
50	9750	J	185945
50	9500	J	183882
50	9250	J	182318
50	9000	J	180653
50	8750	J	178977
50	8500	J	177938
50	8250	J	175591
50	8000	J	173856
50	7750	J	171535
50	7500	J	168997
50	7250	J	166998
50	7000	J	165254
50	6750	J	162793
50	6500	J	160325
50	6250	J	158568
50	6000	J	155868
50	5750	J	152393
50	5500	J	149654
50	5250	J	146565
50	5000	J	143372
50	4750	J	141233
50	4500	J	138816
50	4250	J	135962
50	4000	J	132768
50	3750	J	130205
50	3500	J	127801
50	3250	J	124287
50	3000	J	120654
50	2750	J	116454
50	2500	J	112621
50	2250	J	107634
50	2000	J	103406
50	1750	J	97366
50	1500	J	91549
50	1250	J	84031
50	1000	J	77303
50	750	J	71202
50	500	J	63209
50	250	J	51933
50	100	J	37467
50	75	J	34396
50	50	J	30482
50	25	J	23794
99	10000	A	155116
99	9750	A	153800
99	9500	A	152270
99	9250	A	151400
99	9000	A	149705
99	8750	A	147573
99	8500	A	145760
99	8250	A	144015
99	8000	A	142440
99	7750	A	140193
99	7500	A	138335
99	7250	A	136566
99	7000	A	134115
99	6750	A	132503
99	6500	A	130808
99	6250	A	129083
99	6000	A	127341
99	5750	A	124686
99	5500	A	123129
99	5250	A	119792
99	5000	A	116733
99	4750	A	114933
99	4500	A	112229
99	4250	A	109805
99	4000	A	107643
99	3750	A	104366
99	3500	A	101353
99	3250	A	97694
99	3000	A	95217
99	2750	A	91685
99	2500	A	88679
99	2250	A	84594
99	2000	A	80971
99	1750	A	76535
99	1500	A	72467
99	1250	A	68093
99	1000	A	63427
99	750	A	56726
99	500	A	49546
99	250	A	35619
99	100	A	27173
99	75	A	22159
99	50	A	20320
99	25	A	17687
99	10000	B	155051
99	9750	B	152357
99	9500	B	151136
99	9250	B	149599
99	9000	B	147921
99	8750	B	146548
99	8500	B	144366
99	8250	B	143286
99	8000	B	141357
99	7750	B	139705
99	7500	B	138123
99	7250	B	135899
99	7000	B	134305
99	6750	B	132230
99	6500	B	129744
99	6250	B	128269
99	6000	B	126922
99	5750	B	125044
99	5500	B	123242
99	5250	B	121346
99	5000	B	119674
99	4750	B	117897
99	4500	B	115953
99	4250	B	112978
99	4000	B	111142
99	3750	B	107959
99	3500	B	105372
99	3250	B	101488
99	3000	B	98338
99	2750	B	94053
99	2500	B	90463
99	2250	B	87209
99	2000	B	82833
99	1750	B	78271
99	1500	B	74162
99	1250	B	68322
99	1000	B	64109
99	750	B	58174
99	500	B	50531
99	250	B	36456
99	100	B	26731
99	75	B	22491
99	50	B	21368
99	25	B	18656
99	10000	C	155203
99	9750	C	153429
99	9500	C	152269
99	9250	C	150841
99	9000	C	149177
99	8750	C	147738
99	8500	C	145954
99	8250	C	144238
99	8000	C	143068
99	7750	C	141752
99	7500	C	139509
99	7250	C	138125
99	7000	C	136076
99	6750	C	133795
99	6500	C	132370
99	6250	C	130643
99	6000	C	129036
99	5750	C	126437
99	5500	C	124424
99	5250	C	122701
99	5000	C	119202
99	4750	C	116352
99	4500	C	113593
99	4250	C	110565
99	4000	C	107584
99	3750	C	104489
99	3500	C	102658
99	3250	C	99009
99	3000	C	96114
99	2750	C	92005
99	2500	C	88211
99	2250	C	83666
99	2000	C	79597
99	1750	C	76263
99	1500	C	72279
99	1250	C	66231
99	1000	C	61210
99	750	C	54924
99	500	C	46305
99	250	C	34993
99	100	C	26926
99	75	C	22954
99	50	C	20673
99	25	C	17565
99	10000	D	155127
99	9750	D	153821
99	9500	D	152040
99	9250	D	150752
99	9000	D	148832
99	8750	D	147212
99	8500	D	145701
99	8250	D	143197
99	8000	D	142167
99	7750	D	140638
99	7500	D	139399
99	7250	D	138124
99	7000	D	136493
99	6750	D	134443
99	6500	D	133000
99	6250	D	129956
99	6000	D	127842
99	5750	D	124983
99	5500	D	123067
99	5250	D	121080
99	5000	D	118669
99	4750	D	116291
99	4500	D	113585
99	4250	D	109454
99	4000	D	106530
99	3750	D	102476
99	3500	D	99445
99	3250	D	97363
99	3000	D	94531
99	2750	D	91291
99	2500	D	87493
99	2250	D	84181
99	2000	D	80108
99	1750	D	75044
99	1500	D	68854
99	1250	D	63531
99	1000	D	57772
99	750	D	51238
99	500	D	45760
99	250	D	34023
99	100	D	26458
99	75	D	23218
99	50	D	21409
99	25	D	16720
99	10000	E	154995
99	9750	E	153405
99	9500	E	151866
99	9250	E	150091
99	9000	E	148902
99	8750	E	147033
99	8500	E	146206
99	8250	E	144558
99	8000	E	143155
99	7750	E	141220
99	7500	E	139124
99	7250	E	136444
99	7000	E	134490
99	6750	E	132983
99	6500	E	131334
99	6250	E	129236
99	6000	E	126824
99	5750	E	124245
99	5500	E	123152
99	5250	E	120888
99	5000	E	118708
99	4750	E	116716
99	4500	E	114298
99	4250	E	111374
99	4000	E	109443
99	3750	E	106677
99	3500	E	102855
99	3250	E	99521
99	3000	E	96835
99	2750	E	93327
99	2500	E	89781
99	2250	E	85227
99	2000	E	81623
99	1750	E	76926
99	1500	E	73146
99	1250	E	67155
99	1000	E	59700
99	750	E	53296
99	500	E	48144
99	250	E	36582
99	100	E	29261
99	75	E	22852
99	50	E	20224
99	25	E	17673
99	10000	F	154967
99	9750	F	153886
99	9500	F	151905
99	9250	F	150460
99	9000	F	149317
99	8750	F	147919
99	8500	F	146747
99	8250	F	145364
99	8000	F	143350
99	7750	F	142118
99	7500	F	140119
99	7250	F	137401
99	7000	F	136260
99	6750	F	134393
99	6500	F	132350
99	6250	F	130479
99	6000	F	128527
99	5750	F	126735
99	5500	F	125047
99	5250	F	123209
99	5000	F	120679
99	4750	F	118259
99	4500	F	115361
99	4250	F	112879
99	4000	F	110680
99	3750	F	106891
99	3500	F	104900
99	3250	F	100975
99	3000	F	98772
99	2750	F	95593
99	2500	F	91777
99	2250	F	88923
99	2000	F	85532
99	1750	F	81318
99	1500	F	76535
99	1250	F	70120
99	1000	F	63432
99	750	F	55438
99	500	F	46275
99	250	F	35013
99	100	F	26118
99	75	F	21288
99	50	F	19777
99	25	F	17705
99	10000	G	155563
99	9750	G	154529
99	9500	G	153201
99	9250	G	151996
99	9000	G	150445
99	8750	G	148595
99	8500	G	146968
99	8250	G	145511
99	8000	G	143734
99	7750	G	141749
99	7500	G	139860
99	7250	G	137260
99	7000	G	135461
99	6750	G	133438
99	6500	G	131466
99	6250	G	129649
99	6000	G	127243
99	5750	G	125142
99	5500	G	123601
99	5250	G	121170
99	5000	G	119597
99	4750	G	117323
99	4500	G	116076
99	4250	G	113039
99	4000	G	110526
99	3750	G	106125
99	3500	G	104207
99	3250	G	101379
99	3000	G	98540
99	2750	G	95476
99	2500	G	92223
99	2250	G	86012
99	2000	G	81759
99	1750	G	75586
99	1500	G	72068
99	1250	G	66974
99	1000	G	61321
99	750	G	54278
99	500	G	47453
99	250	G	35552
99	100	G	26709
99	75	G	22308
99	50	G	20318
99	25	G	17455
99	10000	H	155566
99	9750	H	154267
99	9500	H	153437
99	9250	H	151650
99	9000	H	150050
99	8750	H	148513
99	8500	H	147349
99	8250	H	146063
99	8000	H	144608
99	7750	H	143219
99	7500	H	140130
99	7250	H	138256
99	7000	H	136223
99	6750	H	134482
99	6500	H	132647
99	6250	H	130605
99	6000	H	127328
99	5750	H	125444
99	5500	H	123438
99	5250	H	120082
99	5000	H	118207
99	4750	H	115469
99	4500	H	112202
99	4250	H	109492
99	4000	H	106777
99	3750	H	103896
99	3500	H	100881
99	3250	H	98037
99	3000	H	95997
99	2750	H	92606
99	2500	H	89250
99	2250	H	85075
99	2000	H	79349
99	1750	H	75806
99	1500	H	70346
99	1250	H	66383
99	1000	H	61679
99	750	H	51840
99	500	H	45462
99	250	H	35016
99	100	H	28606
99	75	H	25630
99	50	H	23126
99	25	H	20145
99	10000	I	155525
99	9750	I	153962
99	9500	I	152203
99	9250	I	149652
99	9000	I	148203
99	8750	I	146136
99	8500	I	144639
99	8250	I	143105
99	8000	I	141802
99	7750	I	140179
99	7500	I	138130
99	7250	I	136642
99	7000	I	134922
99	6750	I	132819
99	6500	I	130898
99	6250	I	128616
99	6000	I	126850
99	5750	I	123906
99	5500	I	121883
99	5250	I	119988
99	5000	I	118595
99	4750	I	115993
99	4500	I	112679
99	4250	I	109820
99	4000	I	108057
99	3750	I	105002
99	3500	I	101984
99	3250	I	99234
99	3000	I	96845
99	2750	I	92964
99	2500	I	89879
99	2250	I	85795
99	2000	I	81505
99	1750	I	76444
99	1500	I	73787
99	1250	I	69904
99	1000	I	64420
99	750	I	58252
99	500	I	48888
99	250	I	37184
99	100	I	27162
99	75	I	22346
99	50	I	21279
99	25	I	19038
99	10000	J	155309
99	9750	J	154146
99	9500	J	152425
99	9250	J	151021
99	9000	J	149633
99	8750	J	148250
99	8500	J	147440
99	8250	J	145225
99	8000	J	143798
99	7750	J	141799
99	7500	J	139564
99	7250	J	137698
99	7000	J	136193
99	6750	J	134133
99	6500	J	131881
99	6250	J	130208
99	6000	J	128383
99	5750	J	125027
99	5500	J	122528
99	5250	J	119833
99	5000	J	117028
99	4750	J	115398
99	4500	J	113569
99	4250	J	110675
99	4000	J	107928
99	3750	J	105778
99	3500	J	103836
99	3250	J	100703
99	3000	J	97702
99	2750	J	93955
99	2500	J	90896
99	2250	J	86512
99	2000	J	83101
99	1750	J	77821
99	1500	J	73061
99	1250	J	66046
99	1000	J	60476
99	750	J	54913
99	500	J	49564
99	250	J	39243
99	100	J	28122
99	75	J	21555
99	50	J	20267
99	25	J	18132
98	10000	A	162269
98	9750	A	161010
98	9500	A	159332
98	9250	A	158540
98	9000	A	156724
98	8750	A	154591
98	8500	A	152661
98	8250	A	150978
98	8000	A	149175
98	7750	A	146971
98	7500	A	145053
98	7250	A	143165
98	7000	A	140566
98	6750	A	138935
98	6500	A	137131
98	6250	A	135476
98	6000	A	133654
98	5750	A	130938
98	5500	A	129128
98	5250	A	125800
98	5000	A	122544
98	4750	A	120747
98	4500	A	117888
98	4250	A	115547
98	4000	A	113207
98	3750	A	109983
98	3500	A	106972
98	3250	A	103964
98	3000	A	101025
98	2750	A	97206
98	2500	A	94161
98	2250	A	90066
98	2000	A	85560
98	1750	A	81043
98	1500	A	76547
98	1250	A	72148
98	1000	A	66734
98	750	A	59945
98	500	A	52237
98	250	A	38410
98	100	A	28513
98	75	A	25753
98	50	A	23403
98	25	A	17687
98	10000	B	162182
98	9750	B	159524
98	9500	B	158144
98	9250	B	156591
98	9000	B	154763
98	8750	B	153388
98	8500	B	150999
98	8250	B	149895
98	8000	B	147871
98	7750	B	146277
98	7500	B	144444
98	7250	B	142261
98	7000	B	140548
98	6750	B	138457
98	6500	B	135850
98	6250	B	134465
98	6000	B	132839
98	5750	B	130916
98	5500	B	128956
98	5250	B	127098
98	5000	B	125219
98	4750	B	123436
98	4500	B	121229
98	4250	B	118391
98	4000	B	116240
98	3750	B	113079
98	3500	B	110212
98	3250	B	106425
98	3000	B	102828
98	2750	B	98659
98	2500	B	94679
98	2250	B	91611
98	2000	B	86542
98	1750	B	82162
98	1500	B	78514
98	1250	B	72906
98	1000	B	68073
98	750	B	62139
98	500	B	53803
98	250	B	39647
98	100	B	28574
98	75	B	25407
98	50	B	23743
98	25	B	18656
98	10000	C	162387
98	9750	C	160665
98	9500	C	159397
98	9250	C	158051
98	9000	C	156266
98	8750	C	154912
98	8500	C	153042
98	8250	C	151339
98	8000	C	149995
98	7750	C	148700
98	7500	C	146329
98	7250	C	144851
98	7000	C	142645
98	6750	C	140332
98	6500	C	138839
98	6250	C	137183
98	6000	C	135419
98	5750	C	132698
98	5500	C	130610
98	5250	C	128788
98	5000	C	125121
98	4750	C	122211
98	4500	C	119205
98	4250	C	116246
98	4000	C	112962
98	3750	C	109990
98	3500	C	107731
98	3250	C	103986
98	3000	C	100943
98	2750	C	96879
98	2500	C	92685
98	2250	C	87996
98	2000	C	83550
98	1750	C	80290
98	1500	C	76103
98	1250	C	70122
98	1000	C	64954
98	750	C	58644
98	500	C	49459
98	250	C	38326
98	100	C	28598
98	75	C	26629
98	50	C	23817
98	25	C	17565
98	10000	D	162239
98	9750	D	161032
98	9500	D	159092
98	9250	D	157848
98	9000	D	155811
98	8750	D	154219
98	8500	D	152502
98	8250	D	149962
98	8000	D	148821
98	7750	D	147249
98	7500	D	145883
98	7250	D	144610
98	7000	D	142806
98	6750	D	140763
98	6500	D	139183
98	6250	D	136060
98	6000	D	133754
98	5750	D	130962
98	5500	D	128894
98	5250	D	126873
98	5000	D	124227
98	4750	D	121899
98	4500	D	118992
98	4250	D	114790
98	4000	D	111630
98	3750	D	107513
98	3500	D	104314
98	3250	D	102254
98	3000	D	99034
98	2750	D	96041
98	2500	D	91849
98	2250	D	88744
98	2000	D	84136
98	1750	D	79140
98	1500	D	72589
98	1250	D	67196
98	1000	D	61117
98	750	D	54658
98	500	D	48346
98	250	D	37128
98	100	D	27574
98	75	D	25910
98	50	D	23387
98	25	D	16720
98	10000	E	162140
98	9750	E	160610
98	9500	E	158962
98	9250	E	157282
98	9000	E	156053
98	8750	E	154017
98	8500	E	153099
98	8250	E	151439
98	8000	E	149896
98	7750	E	147946
98	7500	E	145567
98	7250	E	142828
98	7000	E	140567
98	6750	E	139055
98	6500	E	137326
98	6250	E	135226
98	6000	E	132712
98	5750	E	130058
98	5500	E	128880
98	5250	E	126675
98	5000	E	124304
98	4750	E	122407
98	4500	E	119830
98	4250	E	117122
98	4000	E	114779
98	3750	E	111988
98	3500	E	108086
98	3250	E	104529
98	3000	E	101745
98	2750	E	98272
98	2500	E	94772
98	2250	E	90462
98	2000	E	86099
98	1750	E	81430
98	1500	E	76827
98	1250	E	71032
98	1000	E	62581
98	750	E	56921
98	500	E	50530
98	250	E	38896
98	100	E	30426
98	75	E	26028
98	50	E	22876
98	25	E	17673
98	10000	F	162167
98	9750	F	161147
98	9500	F	159017
98	9250	F	157656
98	9000	F	156421
98	8750	F	154988
98	8500	F	153713
98	8250	F	152367
98	8000	F	150273
98	7750	F	149093
98	7500	F	147022
98	7250	F	144182
98	7000	F	143017
98	6750	F	141121
98	6500	F	138881
98	6250	F	136871
98	6000	F	134710
98	5750	F	132871
98	5500	F	130948
98	5250	F	129159
98	5000	F	126408
98	4750	F	124151
98	4500	F	121023
98	4250	F	118713
98	4000	F	116271
98	3750	F	112588
98	3500	F	110659
98	3250	F	107156
98	3000	F	103913
98	2750	F	100995
98	2500	F	96413
98	2250	F	93760
98	2000	F	89812
98	1750	F	85309
98	1500	F	80264
98	1250	F	73969
98	1000	F	66643
98	750	F	58820
98	500	F	48792
98	250	F	37505
98	100	F	27375
98	75	F	24195
98	50	F	22392
98	25	F	17705
98	10000	G	162830
98	9750	G	161812
98	9500	G	160282
98	9250	G	159081
98	9000	G	157326
98	8750	G	155580
98	8500	G	153804
98	8250	G	152366
98	8000	G	150389
98	7750	G	148451
98	7500	G	146387
98	7250	G	143864
98	7000	G	141934
98	6750	G	140029
98	6500	G	137888
98	6250	G	136061
98	6000	G	133610
98	5750	G	131644
98	5500	G	129897
98	5250	G	127469
98	5000	G	125741
98	4750	G	123297
98	4500	G	121777
98	4250	G	118776
98	4000	G	116149
98	3750	G	111639
98	3500	G	109440
98	3250	G	106628
98	3000	G	103522
98	2750	G	100440
98	2500	G	96898
98	2250	G	90687
98	2000	G	86192
98	1750	G	80043
98	1500	G	76072
98	1250	G	70831
98	1000	G	64649
98	750	G	57424
98	500	G	50009
98	250	G	38255
98	100	G	27986
98	75	G	24815
98	50	G	22490
98	25	G	17455
98	10000	H	162719
98	9750	H	161367
98	9500	H	160492
98	9250	H	158665
98	9000	H	156884
98	8750	H	155377
98	8500	H	154162
98	8250	H	152805
98	8000	H	151228
98	7750	H	149869
98	7500	H	146563
98	7250	H	144710
98	7000	H	142496
98	6750	H	140721
98	6500	H	138577
98	6250	H	136508
98	6000	H	133026
98	5750	H	131167
98	5500	H	128953
98	5250	H	125618
98	5000	H	123626
98	4750	H	120942
98	4500	H	117356
98	4250	H	114684
98	4000	H	111658
98	3750	H	108801
98	3500	H	105550
98	3250	H	102697
98	3000	H	100346
98	2750	H	97004
98	2500	H	93398
98	2250	H	89231
98	2000	H	83132
98	1750	H	79704
98	1500	H	73815
98	1250	H	69898
98	1000	H	64774
98	750	H	55078
98	500	H	47823
98	250	H	37636
98	100	H	29562
98	75	H	28070
98	50	H	25129
98	25	H	20145
98	10000	I	162704
98	9750	I	161239
98	9500	I	159317
98	9250	I	156630
98	9000	I	155017
98	8750	I	153053
98	8500	I	151430
98	8250	I	149964
98	8000	I	148500
98	7750	I	146982
98	7500	I	144801
98	7250	I	143271
98	7000	I	141368
98	6750	I	139324
98	6500	I	137226
98	6250	I	134831
98	6000	I	132863
98	5750	I	129957
98	5500	I	127809
98	5250	I	125857
98	5000	I	124339
98	4750	I	121850
98	4500	I	118241
98	4250	I	115587
98	4000	I	113818
98	3750	I	111242
98	3500	I	107631
98	3250	I	105237
98	3000	I	102030
98	2750	I	98342
98	2500	I	94899
98	2250	I	91194
98	2000	I	86578
98	1750	I	81513
98	1500	I	78065
98	1250	I	74571
98	1000	I	68339
98	750	I	62389
98	500	I	52152
98	250	I	40214
98	100	I	28292
98	75	I	25846
98	50	I	23949
98	25	I	19038
98	10000	J	162589
98	9750	J	161510
98	9500	J	159601
98	9250	J	158126
98	9000	J	156658
98	8750	J	155211
98	8500	J	154332
98	8250	J	152168
98	8000	J	150569
98	7750	J	148455
98	7500	J	146110
98	7250	J	144280
98	7000	J	142719
98	6750	J	140474
98	6500	J	138169
98	6250	J	136603
98	6000	J	134572
98	5750	J	131295
98	5500	J	128753
98	5250	J	126000
98	5000	J	123115
98	4750	J	121241
98	4500	J	119047
98	4250	J	116397
98	4000	J	113390
98	3750	J	111121
98	3500	J	108936
98	3250	J	105772
98	3000	J	102477
98	2750	J	98789
98	2500	J	95311
98	2250	J	90778
98	2000	J	87049
98	1750	J	81648
98	1500	J	76510
98	1250	J	69516
98	1000	J	63515
98	750	J	57981
98	500	J	51805
98	250	J	41934
98	100	J	29582
98	75	J	26323
98	50	J	24040
98	25	J	18132
97	10000	A	165393
97	9750	A	164131
97	9500	A	162443
97	9250	A	161624
97	9000	A	159815
97	8750	A	157602
97	8500	A	155671
97	8250	A	153878
97	8000	A	151995
97	7750	A	149730
97	7500	A	147788
97	7250	A	145857
97	7000	A	143235
97	6750	A	141586
97	6500	A	139706
97	6250	A	138002
97	6000	A	136218
97	5750	A	133446
97	5500	A	131623
97	5250	A	128250
97	5000	A	124928
97	4750	A	123092
97	4500	A	120219
97	4250	A	117803
97	4000	A	115444
97	3750	A	112236
97	3500	A	109169
97	3250	A	106001
97	3000	A	103033
97	2750	A	99095
97	2500	A	96059
97	2250	A	91955
97	2000	A	87402
97	1750	A	82723
97	1500	A	78137
97	1250	A	73562
97	1000	A	68051
97	750	A	61267
97	500	A	53531
97	250	A	39282
97	100	A	29376
97	75	A	26778
97	50	A	23403
97	25	A	17687
97	10000	B	165317
97	9750	B	162594
97	9500	B	161185
97	9250	B	159609
97	9000	B	157762
97	8750	B	156337
97	8500	B	153922
97	8250	B	152790
97	8000	B	150756
97	7750	B	149110
97	7500	B	147242
97	7250	B	145003
97	7000	B	143287
97	6750	B	141154
97	6500	B	138528
97	6250	B	137117
97	6000	B	135475
97	5750	B	133526
97	5500	B	131532
97	5250	B	129614
97	5000	B	127728
97	4750	B	125891
97	4500	B	123646
97	4250	B	120741
97	4000	B	118448
97	3750	B	115254
97	3500	B	112358
97	3250	B	108542
97	3000	B	104941
97	2750	B	100687
97	2500	B	96596
97	2250	B	93453
97	2000	B	88339
97	1750	B	83905
97	1500	B	80184
97	1250	B	74456
97	1000	B	69594
97	750	B	63487
97	500	B	55131
97	250	B	40324
97	100	B	29285
97	75	B	26615
97	50	B	23743
97	25	B	18656
97	10000	C	165501
97	9750	C	163762
97	9500	C	162495
97	9250	C	161117
97	9000	C	159316
97	8750	C	157922
97	8500	C	156039
97	8250	C	154315
97	8000	C	152953
97	7750	C	151612
97	7500	C	149252
97	7250	C	147703
97	7000	C	145417
97	6750	C	143077
97	6500	C	141582
97	6250	C	139902
97	6000	C	138105
97	5750	C	135341
97	5500	C	133223
97	5250	C	131364
97	5000	C	127605
97	4750	C	124658
97	4500	C	121671
97	4250	C	118627
97	4000	C	115377
97	3750	C	112305
97	3500	C	110015
97	3250	C	106174
97	3000	C	103088
97	2750	C	98983
97	2500	C	94752
97	2250	C	89887
97	2000	C	85538
97	1750	C	82091
97	1500	C	77906
97	1250	C	71834
97	1000	C	66543
97	750	C	60000
97	500	C	50829
97	250	C	39216
97	100	C	29419
97	75	C	27754
97	50	C	23817
97	25	C	17565
97	10000	D	165356
97	9750	D	164062
97	9500	D	162025
97	9250	D	160761
97	9000	D	158714
97	8750	D	157097
97	8500	D	155450
97	8250	D	152880
97	8000	D	151734
97	7750	D	150109
97	7500	D	148722
97	7250	D	147405
97	7000	D	145610
97	6750	D	143525
97	6500	D	141984
97	6250	D	138781
97	6000	D	136436
97	5750	D	133533
97	5500	D	131482
97	5250	D	129409
97	5000	D	126735
97	4750	D	124353
97	4500	D	121400
97	4250	D	117075
97	4000	D	113933
97	3750	D	109754
97	3500	D	106494
97	3250	D	104361
97	3000	D	101113
97	2750	D	98007
97	2500	D	93781
97	2250	D	90528
97	2000	D	85875
97	1750	D	80803
97	1500	D	74203
97	1250	D	68764
97	1000	D	62595
97	750	D	55993
97	500	D	49711
97	250	D	38047
97	100	D	28333
97	75	D	26812
97	50	D	23387
97	25	D	16720
97	10000	E	165261
97	9750	E	163558
97	9500	E	161874
97	9250	E	160163
97	9000	E	158913
97	8750	E	156822
97	8500	E	155890
97	8250	E	154174
97	8000	E	152591
97	7750	E	150637
97	7500	E	148179
97	7250	E	145384
97	7000	E	143111
97	6750	E	141583
97	6500	E	139800
97	6250	E	137659
97	6000	E	135157
97	5750	E	132394
97	5500	E	131235
97	5250	E	129044
97	5000	E	126784
97	4750	E	124742
97	4500	E	122200
97	4250	E	119503
97	4000	E	117058
97	3750	E	114204
97	3500	E	110282
97	3250	E	106799
97	3000	E	104005
97	2750	E	100470
97	2500	E	96935
97	2250	E	92398
97	2000	E	88100
97	1750	E	83221
97	1500	E	78617
97	1250	E	72633
97	1000	E	64202
97	750	E	58362
97	500	E	51764
97	250	E	39716
97	100	E	31055
97	75	E	26930
97	50	E	22876
97	25	E	17673
97	10000	F	165301
97	9750	F	164232
97	9500	F	162125
97	9250	F	160737
97	9000	F	159491
97	8750	F	158035
97	8500	F	156766
97	8250	F	155388
97	8000	F	153279
97	7750	F	152071
97	7500	F	149956
97	7250	F	147090
97	7000	F	145915
97	6750	F	143968
97	6500	F	141705
97	6250	F	139670
97	6000	F	137470
97	5750	F	135578
97	5500	F	133638
97	5250	F	131781
97	5000	F	128966
97	4750	F	126700
97	4500	F	123422
97	4250	F	121098
97	4000	F	118571
97	3750	F	114871
97	3500	F	112845
97	3250	F	109350
97	3000	F	106076
97	2750	F	103064
97	2500	F	98457
97	2250	F	95761
97	2000	F	91751
97	1750	F	87230
97	1500	F	82060
97	1250	F	75617
97	1000	F	68250
97	750	F	60260
97	500	F	50027
97	250	F	38161
97	100	F	28035
97	75	F	25461
97	50	F	22392
97	25	F	17705
97	10000	G	165927
97	9750	G	164822
97	9500	G	163194
97	9250	G	161942
97	9000	G	160158
97	8750	G	158388
97	8500	G	156547
97	8250	G	155060
97	8000	G	153072
97	7750	G	151111
97	7500	G	149060
97	7250	G	146501
97	7000	G	144556
97	6750	G	142649
97	6500	G	140465
97	6250	G	138576
97	6000	G	136129
97	5750	G	134132
97	5500	G	132383
97	5250	G	129870
97	5000	G	128086
97	4750	G	125587
97	4500	G	124050
97	4250	G	121019
97	4000	G	118402
97	3750	G	113801
97	3500	G	111627
97	3250	G	108725
97	3000	G	105550
97	2750	G	102417
97	2500	G	98867
97	2250	G	92565
97	2000	G	88179
97	1750	G	81904
97	1500	G	77885
97	1250	G	72418
97	1000	G	66249
97	750	G	58750
97	500	G	51371
97	250	G	39102
97	100	G	28614
97	75	G	26006
97	50	G	22490
97	25	G	17455
97	10000	H	165843
97	9750	H	164488
97	9500	H	163593
97	9250	H	161705
97	9000	H	159895
97	8750	H	158348
97	8500	H	157119
97	8250	H	155709
97	8000	H	154099
97	7750	H	152716
97	7500	H	149390
97	7250	H	147515
97	7000	H	145286
97	6750	H	143462
97	6500	H	141286
97	6250	H	139152
97	6000	H	135628
97	5750	H	133735
97	5500	H	131514
97	5250	H	128136
97	5000	H	126123
97	4750	H	123354
97	4500	H	119743
97	4250	H	116988
97	4000	H	114016
97	3750	H	111042
97	3500	H	107700
97	3250	H	104749
97	3000	H	102330
97	2750	H	98923
97	2500	H	95354
97	2250	H	91060
97	2000	H	84896
97	1750	H	81400
97	1500	H	75366
97	1250	H	71370
97	1000	H	66110
97	750	H	56352
97	500	H	48945
97	250	H	38507
97	100	H	30272
97	75	H	29029
97	50	H	25129
97	25	H	20145
97	10000	I	165841
97	9750	I	164267
97	9500	I	162336
97	9250	I	159604
97	9000	I	157981
97	8750	I	155926
97	8500	I	154247
97	8250	I	152724
97	8000	I	151311
97	7750	I	149761
97	7500	I	147512
97	7250	I	145972
97	7000	I	144049
97	6750	I	141947
97	6500	I	139852
97	6250	I	137478
97	6000	I	135468
97	5750	I	132529
97	5500	I	130372
97	5250	I	128328
97	5000	I	126711
97	4750	I	124141
97	4500	I	120471
97	4250	I	117731
97	4000	I	115908
97	3750	I	113313
97	3500	I	109683
97	3250	I	107205
97	3000	I	103954
97	2750	I	100190
97	2500	I	96719
97	2250	I	92994
97	2000	I	88410
97	1750	I	83256
97	1500	I	79755
97	1250	I	76220
97	1000	I	69815
97	750	I	63744
97	500	I	53200
97	250	I	41062
97	100	I	28912
97	75	I	26876
97	50	I	23949
97	25	I	19038
97	10000	J	165678
97	9750	J	164523
97	9500	J	162643
97	9250	J	161190
97	9000	J	159677
97	8750	J	158177
97	8500	J	157286
97	8250	J	155065
97	8000	J	153487
97	7750	J	151304
97	7500	J	148957
97	7250	J	147082
97	7000	J	145489
97	6750	J	143212
97	6500	J	140906
97	6250	J	139319
97	6000	J	137246
97	5750	J	133897
97	5500	J	131354
97	5250	J	128497
97	5000	J	125554
97	4750	J	123632
97	4500	J	121455
97	4250	J	118735
97	4000	J	115770
97	3750	J	113431
97	3500	J	111287
97	3250	J	108056
97	3000	J	104721
97	2750	J	100829
97	2500	J	97344
97	2250	J	92716
97	2000	J	88937
97	1750	J	83438
97	1500	J	78284
97	1250	J	71178
97	1000	J	65054
97	750	J	59302
97	500	J	53210
97	250	J	42798
97	100	J	30382
97	75	J	27699
97	50	J	24040
97	25	J	18132
96	10000	A	167705
96	9750	A	166434
96	9500	A	164727
96	9250	A	163910
96	9000	A	162055
96	8750	A	159827
96	8500	A	157856
96	8250	A	156050
96	8000	A	154131
96	7750	A	151864
96	7500	A	149892
96	7250	A	147966
96	7000	A	145306
96	6750	A	143637
96	6500	A	141720
96	6250	A	140028
96	6000	A	138185
96	5750	A	135406
96	5500	A	133549
96	5250	A	130157
96	5000	A	126817
96	4750	A	124949
96	4500	A	122046
96	4250	A	119641
96	4000	A	117210
96	3750	A	113968
96	3500	A	110861
96	3250	A	107658
96	3000	A	104626
96	2750	A	100671
96	2500	A	97578
96	2250	A	93385
96	2000	A	88693
96	1750	A	84135
96	1500	A	79493
96	1250	A	74862
96	1000	A	69279
96	750	A	62300
96	500	A	54358
96	250	A	40157
96	100	A	29866
96	75	A	27522
96	50	A	24387
96	25	A	19359
96	10000	B	167632
96	9750	B	164887
96	9500	B	163457
96	9250	B	161869
96	9000	B	159977
96	8750	B	158564
96	8500	B	156109
96	8250	B	154967
96	8000	B	152901
96	7750	B	151271
96	7500	B	149386
96	7250	B	147145
96	7000	B	145398
96	6750	B	143247
96	6500	B	140572
96	6250	B	139168
96	6000	B	137470
96	5750	B	135502
96	5500	B	133467
96	5250	B	131509
96	5000	B	129551
96	4750	B	127663
96	4500	B	125400
96	4250	B	122471
96	4000	B	120102
96	3750	B	116924
96	3500	B	113973
96	3250	B	110049
96	3000	B	106363
96	2750	B	102119
96	2500	B	97917
96	2250	B	94751
96	2000	B	89486
96	1750	B	85094
96	1500	B	81251
96	1250	B	75464
96	1000	B	70520
96	750	B	64522
96	500	B	55988
96	250	B	41221
96	100	B	29810
96	75	B	27344
96	50	B	24622
96	25	B	20672
96	10000	C	167811
96	9750	C	166066
96	9500	C	164782
96	9250	C	163395
96	9000	C	161579
96	8750	C	160190
96	8500	C	158266
96	8250	C	156544
96	8000	C	155175
96	7750	C	153841
96	7500	C	151429
96	7250	C	149887
96	7000	C	147586
96	6750	C	145218
96	6500	C	143695
96	6250	C	142001
96	6000	C	140163
96	5750	C	137389
96	5500	C	135231
96	5250	C	133352
96	5000	C	129527
96	4750	C	126570
96	4500	C	123505
96	4250	C	120460
96	4000	C	117165
96	3750	C	114075
96	3500	C	111717
96	3250	C	107880
96	3000	C	104709
96	2750	C	100599
96	2500	C	96322
96	2250	C	91410
96	2000	C	86907
96	1750	C	83494
96	1500	C	79293
96	1250	C	73089
96	1000	C	67611
96	750	C	61048
96	500	C	51802
96	250	C	40040
96	100	C	29940
96	75	C	28424
96	50	C	24777
96	25	C	19480
96	10000	D	167674
96	9750	D	166367
96	9500	D	164292
96	9250	D	163040
96	9000	D	160955
96	8750	D	159312
96	8500	D	157673
96	8250	D	155078
96	8000	D	153917
96	7750	D	152286
96	7500	D	150865
96	7250	D	149545
96	7000	D	147676
96	6750	D	145575
96	6500	D	143992
96	6250	D	140763
96	6000	D	138363
96	5750	D	135471
96	5500	D	133359
96	5250	D	131267
96	5000	D	128549
96	4750	D	126148
96	4500	D	123157
96	4250	D	118820
96	4000	D	115599
96	3750	D	111379
96	3500	D	108133
96	3250	D	105906
96	3000	D	102548
96	2750	D	99473
96	2500	D	95134
96	2250	D	91861
96	2000	D	87117
96	1750	D	82107
96	1500	D	75371
96	1250	D	69797
96	1000	D	63574
96	750	D	56937
96	500	D	50464
96	250	D	38743
96	100	D	28824
96	75	D	27567
96	50	D	24260
96	25	D	18084
96	10000	E	167576
96	9750	E	165864
96	9500	E	164156
96	9250	E	162431
96	9000	E	161169
96	8750	E	159065
96	8500	E	158120
96	8250	E	156409
96	8000	E	154799
96	7750	E	152842
96	7500	E	150347
96	7250	E	147546
96	7000	E	145233
96	6750	E	143685
96	6500	E	141859
96	6250	E	139708
96	6000	E	137163
96	5750	E	134398
96	5500	E	133179
96	5250	E	130952
96	5000	E	128608
96	4750	E	126538
96	4500	E	123899
96	4250	E	121225
96	4000	E	118725
96	3750	E	115834
96	3500	E	111822
96	3250	E	108228
96	3000	E	105368
96	2750	E	101860
96	2500	E	98248
96	2250	E	93805
96	2000	E	89294
96	1750	E	84539
96	1500	E	79830
96	1250	E	73859
96	1000	E	65230
96	750	E	59305
96	500	E	52581
96	250	E	40568
96	100	E	31725
96	75	E	27578
96	50	E	23762
96	25	E	20056
96	10000	F	167636
96	9750	F	166553
96	9500	F	164422
96	9250	F	163030
96	9000	F	161762
96	8750	F	160318
96	8500	F	158984
96	8250	F	157579
96	8000	F	155455
96	7750	F	154248
96	7500	F	152075
96	7250	F	149178
96	7000	F	147984
96	6750	F	146025
96	6500	F	143753
96	6250	F	141671
96	6000	F	139411
96	5750	F	137519
96	5500	F	135570
96	5250	F	133705
96	5000	F	130888
96	4750	F	128593
96	4500	F	125276
96	4250	F	122926
96	4000	F	120359
96	3750	F	116623
96	3500	F	114538
96	3250	F	111028
96	3000	F	107708
96	2750	F	104696
96	2500	F	99998
96	2250	F	97280
96	2000	F	93140
96	1750	F	88544
96	1500	F	83327
96	1250	F	76818
96	1000	F	69281
96	750	F	61171
96	500	F	50793
96	250	F	38940
96	100	F	28499
96	75	F	26094
96	50	F	23456
96	25	F	19822
96	10000	G	168249
96	9750	G	167139
96	9500	G	165472
96	9250	G	164238
96	9000	G	162404
96	8750	G	160613
96	8500	G	158751
96	8250	G	157230
96	8000	G	155205
96	7750	G	153234
96	7500	G	151187
96	7250	G	148624
96	7000	G	146631
96	6750	G	144720
96	6500	G	142496
96	6250	G	140621
96	6000	G	138137
96	5750	G	136105
96	5500	G	134295
96	5250	G	131783
96	5000	G	129958
96	4750	G	127438
96	4500	G	125855
96	4250	G	122848
96	4000	G	120186
96	3750	G	115554
96	3500	G	113333
96	3250	G	110462
96	3000	G	107196
96	2750	G	104095
96	2500	G	100510
96	2250	G	94078
96	2000	G	89415
96	1750	G	83139
96	1500	G	79086
96	1250	G	73639
96	1000	G	67346
96	750	G	59771
96	500	G	52113
96	250	G	39873
96	100	G	29117
96	75	G	26623
96	50	G	23542
96	25	G	19294
96	10000	H	168169
96	9750	H	166799
96	9500	H	165881
96	9250	H	163997
96	9000	H	162158
96	8750	H	160619
96	8500	H	159377
96	8250	H	157990
96	8000	H	156351
96	7750	H	154959
96	7500	H	151610
96	7250	H	149727
96	7000	H	147448
96	6750	H	145611
96	6500	H	143408
96	6250	H	141267
96	6000	H	137736
96	5750	H	135836
96	5500	H	133559
96	5250	H	130157
96	5000	H	128098
96	4750	H	125339
96	4500	H	121672
96	4250	H	118915
96	4000	H	115786
96	3750	H	112832
96	3500	H	109394
96	3250	H	106427
96	3000	H	103946
96	2750	H	100479
96	2500	H	96857
96	2250	H	92566
96	2000	H	86320
96	1750	H	82778
96	1500	H	76625
96	1250	H	72629
96	1000	H	67277
96	750	H	57389
96	500	H	49797
96	250	H	39266
96	100	H	30799
96	75	H	29707
96	50	H	26050
96	25	H	21760
96	10000	I	168164
96	9750	I	166605
96	9500	I	164624
96	9250	I	161865
96	9000	I	160204
96	8750	I	158129
96	8500	I	156442
96	8250	I	154914
96	8000	I	153449
96	7750	I	151901
96	7500	I	149625
96	7250	I	148096
96	7000	I	146150
96	6750	I	144041
96	6500	I	141938
96	6250	I	139554
96	6000	I	137493
96	5750	I	134565
96	5500	I	132343
96	5250	I	130284
96	5000	I	128622
96	4750	I	126035
96	4500	I	122280
96	4250	I	119519
96	4000	I	117674
96	3750	I	115042
96	3500	I	111354
96	3250	I	108881
96	3000	I	105523
96	2750	I	101790
96	2500	I	98272
96	2250	I	94511
96	2000	I	89792
96	1750	I	84581
96	1500	I	81039
96	1250	I	77451
96	1000	I	70864
96	750	I	64673
96	500	I	54042
96	250	I	41984
96	100	I	29421
96	75	I	27562
96	50	I	24744
96	25	I	21021
96	10000	J	168000
96	9750	J	166849
96	9500	J	164941
96	9250	J	163476
96	9000	J	161936
96	8750	J	160445
96	8500	J	159533
96	8250	J	157290
96	8000	J	155690
96	7750	J	153505
96	7500	J	151114
96	7250	J	149215
96	7000	J	147598
96	6750	J	145311
96	6500	J	142960
96	6250	J	141358
96	6000	J	139240
96	5750	J	135910
96	5500	J	133332
96	5250	J	130473
96	5000	J	127450
96	4750	J	125503
96	4500	J	123296
96	4250	J	120563
96	4000	J	117549
96	3750	J	115154
96	3500	J	113000
96	3250	J	109726
96	3000	J	106349
96	2750	J	102460
96	2500	J	98959
96	2250	J	94289
96	2000	J	90412
96	1750	J	84810
96	1500	J	79505
96	1250	J	72448
96	1000	J	66189
96	750	J	60481
96	500	J	54153
96	250	J	43771
96	100	J	30887
96	75	J	28404
96	50	J	25109
96	25	J	19794